-0.0007667 0.0385633 -0.999103 -0.0174795 -0.0007667 0.0385633 -0.999103 -0.0174795 -0.0007667 0.0385633 -0.999103 -0.0174795 -0.0007667 0.0385633 -0.999103 -0.0174795
0.980655 -0.000704353 0.195665 0.00555907 0.95714 -0.167516 0.234309 -0.0303359 0.979326 0.148306 0.13257 0.0367575 0.983985 -0.0177049 0.177346 -0.00292497
0.974137 -0.0113735 -0.225673 -0.000402007 0.9959 -0.0154286 0.0878972 0.014833 0.769468 0.000851257 -0.638251 -0.0235201 0.929799 -0.00453385 -0.367963 -0.0074657
0.980655 0.000704353 -0.195665 -0.00555907 0.979326 -0.148306 -0.13257 -0.0367575 0.95714 0.167516 -0.234309 0.0303359 0.983985 0.0177049 -0.177346 0.00292497
0.932838 -0.0228174 0.358627 0.026062 0.969979 0.0334167 -0.239817 0.0226375 0.637949 -0.0666257 0.766939 0.0196501 0.964233 -0.0166434 0.263262 0.0258977
0.932838 0.0228174 -0.358627 -0.026062 0.637949 0.0666257 -0.766939 -0.0196501 0.969979 -0.0334167 0.239817 -0.0226375 0.964233 0.0166434 -0.263262 -0.0258977
0.861168 -0.0587442 0.502115 0.0530998 0.924882 -0.118199 0.359158 0.0403303 0.931546 0.0748226 0.353492 0.0408335 0.977648 0.016029 0.209617 -0.00289015
0.861168 0.0587442 -0.502115 -0.0530998 0.931546 -0.0748226 -0.353492 -0.0408335 0.924882 0.118199 -0.359158 -0.0403303 0.977648 -0.016029 -0.209617 0.00289015
0.935385 0.00534024 0.350826 0.0441344 0.942607 0.00725631 -0.333242 -0.0197198 0.52683 -0.0111642 0.846823 0.0722158 0.950794 -0.0124729 0.30722 0.0381018
0.935385 -0.00534024 -0.350826 -0.0441344 0.52683 0.0111642 -0.846823 -0.0722158 0.942607 -0.00725631 0.333242 0.0197198 0.950794 0.0124729 -0.30722 -0.0381018
0.908017 -0.023235 0.416494 0.0387126 0.966898 0.221515 0.124022 0.025654 0.891981 -0.214096 0.397021 0.0301114 0.988482 0.037238 0.124386 0.0777529
0.908017 0.023235 -0.416494 -0.0387126 0.891981 0.214096 -0.397021 -0.0301114 0.966898 -0.221515 -0.124022 -0.025654 0.988482 -0.037238 -0.124386 -0.0777529
0.991731 0.0115951 0.124251 0.0299357 0.981904 0.0963933 -0.140839 0.0820798 0.602645 -0.0525109 0.796271 -0.00387135 0.792279 0.0428876 0.608621 -0.00590648
0.991731 -0.0115951 -0.124251 -0.0299357 0.602645 0.0525109 -0.796271 0.00387135 0.981904 -0.0963933 0.140839 -0.0820798 0.792279 -0.0428876 -0.608621 0.00590648
0.784044 -0.0159722 0.616405 0.0711652 0.878924 -0.12597 0.453897 0.0748445 0.970461 0.0831473 0.226476 -0.000287032 0.995917 -0.0313482 0.054431 -0.0648419
0.784044 0.0159722 -0.616405 -0.0711652 0.970461 -0.0831473 -0.226476 0.000287032 0.878924 0.12597 -0.453897 -0.0748445 0.995917 0.0313482 -0.054431 0.0648419
0.934478 0.0354261 0.350716 0.0499364 0.918728 -0.0815194 -0.378293 -0.0786664 0.405439 0.120097 0.895473 0.13901 0.926186 0.0190416 0.372698 0.0539637
0.974137 0.0113735 0.225673 0.000402007 0.769468 -0.000851257 0.638251 0.0235201 0.9959 0.0154286 -0.0878972 -0.014833 0.929799 0.00453385 0.367963 0.0074657
0.934478 -0.0354261 -0.350716 -0.0499364 0.405439 -0.120097 -0.895473 -0.13901 0.918728 0.0815194 0.378293 0.0786664 0.926186 -0.0190416 -0.372698 -0.0539637
