0.947775868545251,-0.317431517433203,0.0200205612269487,-0.0236074537277383
0.994706097341862,-0.0845881705941088,-0.058348953580757,0.000144646103278405
0.978078311217766,-0.0142991191868083,0.194159187352515,-0.0738956174782732
0.981445977681723,0.09592569435122,-0.163217548386863,0.0303658682435724
0.994813445936345,0.00673032468835343,0.0995851757466782,-0.0195883456510836
0.982440174382046,-0.00725401979092929,0.181020747070965,-0.0446113448230119
0.993233917181392,0.0204374836867998,0.110875845022774,-0.0278431681305236
0.996836730378817,-0.0429496845136646,0.066831495488941,-0.00232567808580788
0.971823796140964,-0.114420025902223,0.197521978556465,-0.058750616284765
0.997087139726649,0.0177386033129114,0.0734318220634889,0.010504534862326
0.989639746239723,-0.123738416950489,0.0708686687933262,-0.0167215016259256
0.993397842235219,-0.00929724603254201,-0.101286575651894,0.053059568895115
0.998353035452719,0.0538177611935072,0.0167801236063899,0.0106439012685772
0.996532855793949,-0.0809119832137554,0.0176207316676074,-0.0080640009344472
0.995651569753777,0.0797653858433867,0.0461960129444033,-0.0134671175882385
0.997529570692728,0.0444489436938845,-0.0529230446406654,0.0125776923178207
0.905844507277581,-0.1571672815434,-0.331031839831593,-0.212513753119662
0.95976859605873,-0.190635844519902,0.182337724391649,-0.0962037996511249
0.992809511975706,-0.119185571299754,0.00525718515218019,-0.00982010838982252
0.996843093458103,-0.0426227369328201,0.0657104850337565,-0.0130108215676285
0.969275141513452,0.172889940357511,-0.173968601690605,0.0187001121138241
0.994725805814473,-0.0671028008038631,-0.0764668562983716,0.0130615948057168
0.988528633966251,0.00563557266000372,-0.136616938860486,0.0641497635693285
0.989847180923171,-0.13723561527033,0.0350881321561609,0.0117374316447897
0.989847155721829,-0.137235784925457,0.0350881711117748,0.0117374568510455
0.998195419307086,0.0575878615696104,-0.0164305408927048,-0.00442497459460104
0.920513944943469,-0.106608899395523,-0.338171442583088,0.164099650077509
0.972971584398052,0.0342683370064264,0.207113016437618,-0.0962090196128739
0.960879186029075,-0.162193224001715,0.166095644491058,-0.151052258589975
0.998194906204826,0.0463744428004622,-0.0379720201183764,-0.00380341554602033
0.979910336113077,0.140208476823257,-0.139884447252295,0.0234447781516034
0.987781646084511,0.109121086076072,-0.108695759588964,0.0237747782225195
0.994332988372215,0.0823370598752351,-0.0607125336570855,0.028922397252297
0.9803717652183,0.00180128160505102,-0.185297175976833,0.0673269182596677
0.993504500732384,0.0715523058006403,-0.0814850858918673,0.0344855815711726
0.993005460232518,0.0549635415270927,0.103293313113358,-0.0158005226897958
0.988571930466635,0.0729931634722676,0.131113712602621,-0.0143781343483115
0.924646417169808,0.0981057644231929,0.360793057220192,-0.0723369342983685
0.98124164840144,0.145073277701723,0.125863261359642,-0.0166436468124622
0.988760006255987,0.135801843951494,0.0621605760862186,-0.00689724500535528
0.988322780409031,0.0728589509683266,0.1329600398296,-0.0152079846419362
0.990384851990026,0.0575373268647051,0.125670435890789,0.00585170991914667
0.961390299640893,0.190524901401403,0.198393490595982,-0.00830521471855878
0.995787821399604,0.0124322763760719,0.0906622091405166,-0.00569360080265098
0.924133270588548,-0.350653105698673,-0.120987007697811,0.0915545827554172
0.957585677241374,0.0900212894818905,-0.264936822902596,0.0688063808994203
0.941706648674887,-0.0430542634659469,-0.307628295872452,0.12922751184453
0.992237378838053,0.124027459281038,-0.00701942250529737,0.0057359470509809
0.96099728088301,-0.235342080131729,-0.12479023098089,0.0743352521114187
0.998919116033157,0.0160027916531963,0.0436352531808294,0.00068917536623862
0.998895484439322,0.0264424020247147,0.0387368930935688,-0.00283965761189512
0.988344745821365,0.138649330084895,-0.0604633248218586,0.0171817643388727
0.990587652816297,0.066516204713511,0.116817995583915,-0.0257924893363417
0.959478602208035,-0.0536037765899427,0.202634447107783,-0.188326121091935
0.995450311685768,0.0596398050985068,-0.0742265710121638,0.00349095521246581
0.969931921108948,-0.16609078611297,-0.172216216641882,0.0445813179239582
0.999556468937296,0.0151937050629745,0.0254870812655819,-0.00253484134120221
0.996801294198384,0.0549440794206552,-0.0540008469469298,0.0212658540871918
0.999527033461914,0.0269168677702906,0.0105257262614127,-0.0105071734987379
0.979466093275108,0.145848738006791,-0.136026573550238,0.0295142174960751
0.96948889413422,0.111554955146487,-0.215493902472239,0.0347728936092035
0.991511194353791,0.0672017419269219,0.110090136800634,-0.0164206921999085
0.997048407099604,0.0561448387811887,0.0504252697244106,-0.0141252664257229
0.979728855826916,0.0309711650693108,-0.189408779940459,0.0574148941982678
0.993886836003061,0.028438690393789,-0.101639502848468,0.0323976784542928
0.987029131570801,0.16014856425388,-0.00559445916860442,0.00972794041007356
0.992903552044943,0.0364007981400776,0.11162636161631,-0.0188963918144262
0.992885715128872,-0.0164000366678374,0.115808760915958,-0.0223008158019586
0.990165017573763,0.0844512960106638,0.111059930694211,-0.0103396503550972
0.984234071838836,0.158398271567581,0.0779208462127632,-0.0110281966537835
0.976238710996687,0.171160230325386,0.129411686150959,-0.0302451681108393
0.994587029353357,-0.0573611392635192,0.0850477504021311,-0.0165293949070408
0.988426138622151,0.0775235361607449,0.127234003141048,-0.0285548292648079
0.987824382551345,0.103998559905435,0.113849389872507,-0.0206302011698425
0.990089671609087,0.119191854641723,0.0733463677382797,-0.0116642316368573
0.983612337623743,0.125000198272776,0.12851316287379,-0.0191333916046864
0.993888990099151,0.0509604908548952,0.0963395424724536,-0.0175041791500207
0.993327350924314,0.0566572686463091,0.0991575314359393,-0.0160783013641064
0.996031048970868,0.0262033970997398,0.0850124067263039,-0.0029020973497317
0.998856488769279,0.0264470168321583,-0.0341503230951004,0.0204945255296837
0.998974707878959,0.0360100256275384,-0.0270152745423933,0.00479437314488348
0.999119286616255,-0.0406639468378886,-0.0059588995526255,0.00846085427793808
0.952286311909813,0.305105781413467,-0.00644574183092592,-0.00443787218522174
0.978585806176291,0.0782177236428075,0.0904706361634471,0.167531703419433
0.996009483956731,0.0686211312516743,-0.0525559490080613,0.022228819983263
0.993544151008631,0.113406405955544,0.00295526491606693,-0.000522966595727997
0.98854944021105,0.150268092882409,-0.0107022767470993,0.00865827883193622
0.996396852873448,0.0480112712788786,-0.0630213790756776,0.0302743322548068
0.994671888009152,0.100020412782872,-0.0112752354796859,-0.022285001591452
0.991110176709786,0.124562449643051,-0.0217851348086712,0.0413548263517899
0.988287640732859,0.126202957657022,-0.0572659735869147,0.0638823991600301
0.986925190056159,0.152234250290492,-0.0526103767509441,0.00596242645484227
0.992906428300386,0.111156126705388,-0.0404197404762361,0.0121402106843069
0.997193567613791,0.0741874085710532,-0.00588603192043379,0.00815915114599258
0.986940538383653,0.14787949552217,-0.0616750638295835,0.0166197172271505
0.980909900063939,0.111313525219363,-0.157307058361692,0.0260683035386414
0.984516821153075,0.06046445209825,-0.162544264133762,0.0254959035202838
0.988972445162948,-0.00385331918132075,-0.144403269498051,0.0326550210225
0.970557571183154,-0.20875537568984,-0.117697112330761,0.0242194939800697
0.96459960735651,-0.244302842581367,-0.0992968524404273,-0.00196308169848037
0.984968538367227,0.105814075133184,0.136083005830417,-0.0110351916429794
0.971893535045978,-0.232908657696033,0.0271156843664451,-0.0210060316910295
0.99901691108586,0.0219899052771362,0.0384733818037248,0.00120595313066254
0.938348266258634,-0.256883297699714,0.214747435514114,-0.0860060550917622
0.983984540792389,0.175932373576632,-0.0167597323828159,0.0232666022388507
0.998863310788279,0.0473495749331541,0.00172534067734198,-0.00520838883677586
0.989498766809637,-0.139474264703167,-0.0351902401365957,-0.0141692260497078
0.960687744838829,-0.266710265945958,0.0754157254416633,-0.0160361875652957
0.86639126616163,-0.496331968099099,0.0512213866577548,-0.0199278927781818
0.996417753108713,0.0456733541670161,-0.064962130114402,0.0290779583175614
0.996516783263278,0.0724694389656484,-0.0391045955679992,0.0131647900126271
0.961055312182603,-0.0412659524810468,0.0506140226186922,0.268529381643399
0.984195364335578,-0.169074873321237,0.0486850388371237,-0.02007334115675
0.995445027259212,0.0364325916142616,0.0755841057949471,-0.0452648530799914
0.989846243754437,0.0388380074055704,0.126126385120796,-0.0528030101637814
0.992771105855817,0.0844205807144151,0.0848389295661962,-0.00900294172593083
0.993494382230516,-0.0787874786461245,0.0655525085900537,-0.049641860385591
0.945424734948131,-0.216237029707017,0.22674827640926,-0.0894362156912583
0.97720832210677,-0.205011224800149,0.0395724388230836,-0.0383185985757157
0.990497202521049,0.127308687449452,0.0465959282154228,-0.0231648304896985
0.998794608094228,0.00933212577872579,0.0404573481695031,-0.0261810093281323
0.987479327720653,-0.15616625728053,0.0179635301869125,-0.0131904887924138
0.987377477512055,-0.029293532789345,-0.146071200388665,0.0537662557341125
0.816984895779185,-0.0487234698498105,0.53251130381077,-0.215855078393404
0.998743194476454,0.0496811689184136,-0.00661034936104906,-0.000340915228979471
0.930818588093131,-0.326627210687184,0.146132925353856,-0.0744082618164383
0.66835701440842,0.144207549326732,0.0593940920149046,-0.727306968096668
0.889821514300595,-0.298524548336239,0.262448997111203,-0.224101072384236
0.997527096590955,-0.0322142714419745,0.0597550783118079,-0.0182006290614434
0.986405141227806,0.157896085936694,-0.0455379898516973,-0.000122006107808801
0.990864821461613,0.120533016346771,-0.0589477190114962,0.0135596454059925
0.989069678918677,0.130004792441578,-0.067884711947469,0.0152180836420778
0.9988739124453,0.0115077584087152,0.0443272054154298,-0.012392634614361
0.997790130817872,0.0334742739980419,0.0554499013529908,-0.0148201303199709
0.994298859613811,0.0898519394957927,0.0560614414483876,-0.0123903802301465
0.989505186816032,0.131871766477306,0.0579780092498164,-0.0113080906324733
0.977469464324242,0.0876544428533442,-0.186643728355527,0.0451028117449211
0.913136237904281,0.07383909192528,-0.388551969040662,0.0987793849155328
0.997964316309854,0.0266790470952647,0.0562254516329024,-0.0139337865266228
0.997562457216995,0.046611615594243,0.0505650616032349,-0.011818451165297
0.997144803401567,0.0496198042553166,0.0555858670304733,-0.0122608099807718
0.997270031411502,0.048374772768154,0.0548631559408486,-0.0101192849718309
0.997660500052779,-0.044696175166618,0.0492712604642081,-0.0157518713866712
0.997734986529538,0.0329565305454885,0.057300227886888,-0.0124678640278878
0.997118805671989,0.0485413892730981,0.0563265061588935,-0.0150048527695311
0.998796221593724,-0.0207508997946172,-0.039362521673902,0.0206421843632227
0.997288408049287,0.0479173898951427,0.054916704394117,-0.0101936497215333
0.97607749686972,0.106746981984377,-0.185793910042117,0.0368568166426699
0.929898806403551,0.0432395923773431,-0.348879548434527,0.108173971843568
0.976894306000282,0.0985109867132049,-0.183244938726621,0.0489325334730838
0.981972140222275,0.0822757444360221,-0.165150543468312,0.0410696444701337
0.952098664009526,0.151165053649866,-0.262918165324715,0.0391318142768174
0.991071234662301,-0.0735216700645387,0.100289893474072,-0.0481072668400764
0.998546037448441,0.0112680180134966,0.0507154432039372,-0.0143800795092753
0.991801542342286,-0.126535511712345,-0.0161538328223579,0.00758409970300387
0.965491525098381,0.044407218560578,-0.251219957451021,0.0523702862434596
0.985070522604528,-0.170069435719186,-0.0266628654801864,0.00124263195915975
0.998333746960953,0.0338048758660041,0.0449536883409849,-0.0128889856517033
0.94598152812385,-0.104850872030522,0.296773709140515,-0.0777856583560623
0.988610967066222,-0.0834417150155973,-0.119982342781342,0.0359175919619728
0.991397020490265,-0.00843595495996951,-0.124452632424229,0.0396525498501473
0.958003474400711,0.134079673357169,-0.243705249575772,0.0697118035759435
0.996746215506231,0.0800415930697819,-0.00936747248658662,-0.00160490251148133
0.934998276779587,-0.242703314217855,0.152049010177179,0.209175577424833
0.98019068760224,-0.00895377892438559,-0.181101243358244,0.079676755926181
0.985740162334606,-0.153843314727639,-0.0681283570628136,-0.0026634260039172
0.994741608755099,-0.077968539587784,-0.0661378584371373,0.00598517562110741
0.998331476306146,-0.00687640177463014,0.0558337137737777,-0.0130220935818197
0.944238121423939,-0.304951536437193,-0.116762976542835,-0.0422532576642718
0.967524007409077,-0.174387046534328,0.167340097440291,-0.074052311758568
0.994641839925248,-0.0713512168937279,0.0727443749555136,-0.0174605277764927
0.90319061696431,-0.194959635052125,0.34458230477799,-0.165832702932379
0.965518924773731,-0.22239879767107,0.133201478291373,-0.0238609907429333
0.769597610037175,-0.42964522694477,0.156262343719143,0.44576515961215
0.781561192991771,-0.42990737851389,0.160164711628558,0.422716231835891
0.976693982137926,-0.213593326430736,0.0183677433523253,-0.010458592828684
0.969360945570556,-0.20171127091601,0.139591075310684,-0.0128938776794595
0.987466176182034,0.106011761335895,-0.112728806117185,0.0310527555345425
0.731938512170249,-0.103881371757224,0.0734147491813994,0.669391477094287
0.946214317626923,-0.236957795613969,0.211810461239611,-0.0605458233493267
0.996551113575733,0.0499141339614767,-0.0609523773249052,0.0260627120669359
0.959068645119608,-0.262493993209879,0.105068614992688,-0.0156468405977
0.998174029388333,0.00817578963408736,0.059296209985421,-0.00810697230066867
0.891100788468743,-0.391759766004325,-0.0514464314156029,0.22319707709829
0.999268558059815,0.0321058345269181,0.0164833440441382,0.0126437190538042
0.937303361767037,-0.257833205143314,0.22705957508867,-0.0585525038430346
0.992038731942285,-0.123112604726425,0.0203907981404262,-0.0169309254033926
0.980941119939913,-0.192340862655401,0.0248759395730588,-0.0118616775526319
0.951409071855878,-0.307760000337695,0.00943200115819715,-0.00394937167539675
0.717876539594569,0.00655297950225007,-0.0779494326179778,-0.691761677396129
0.9809338459081,-0.19232041466145,0.0253376855697392,-0.0118173493796183
0.984993426224785,0.0451002355589956,0.159779434162126,-0.0471640908458144
0.988226651066551,0.135400041152372,0.0691658660499352,-0.0170586620602911
0.995899627143932,-0.0382602797414449,0.0811552636920103,-0.0115718116025228
0.999975843484153,0.00576268319125722,0.000224218511339079,-0.00387990420669846
0.998563848084599,0.04420182630019,-0.016718171068604,-0.0252377218925545
0.980745549034609,-0.189879127521819,0.0171204754346697,-0.0423199043151937
0.904116219119379,-0.383576754417606,0.153964142028571,-0.108341029924679
0.899019026284381,-0.376518296252793,0.169586320017028,-0.145736896593342
0.997010774457158,-0.0136676454599638,-0.0720578721850367,0.0242976159341445
0.999461610361648,-0.0321185567955506,-0.00479138078480966,-0.00468298973387297
0.987586020363971,0.0142317929072139,-0.150603941765082,0.0423055691028967
0.998769041055484,-0.0265699958251621,0.0384734849863606,-0.0165598582108573
0.973724790155785,0.0570900879634492,-0.210613182958139,0.0651371019975578
0.999677040473215,0.00602510793112096,-0.0209597556626017,0.0130461284562245
0.999344418990839,0.0263344777759141,0.0209679380592874,-0.0133256551686731
0.990253706240025,0.0889529352901929,-0.104906503579441,0.0218997280323348
0.984683022442755,0.113523128589305,-0.128517209820409,0.0315463368439756
0.995820645154687,0.0223997330224174,0.0862092911672887,-0.0201854591392302
0.938179421406492,-0.200118088065319,0.263643362284337,-0.101312889613663
0.998674196010963,-0.040691289872235,0.0287872359829983,-0.0128594010299847
0.998829082060007,-0.0279493050667,0.0343103207803329,-0.0195474567502482
0.967917927498869,-0.229584339345489,0.100163648406731,-0.0198282700062912
0.988090447348198,0.0418744183332288,0.145784208384532,-0.0258991415723801
0.697129736116121,0.0215594855763974,0.031568792234367,-0.715925087534452
0.988054088039883,0.0392990323379843,0.143360149923072,-0.0406518459483493
0.996028483125694,0.0654450516245403,-0.0596851119516785,0.00904949896437886
0.989435532824668,0.133692929541857,-0.0550166021348538,0.010802798897308
0.993849814803067,-0.0985232320956785,0.0446109537615788,-0.0237819502525166
0.992215549956251,-0.0588163953140651,-0.108982998478646,0.0131011491815918
0.995466552749322,0.0770519863647651,-0.0511805196185922,0.0221334174088838
0.866928488189848,-0.268633653430941,0.227675881268821,-0.352752958453468
0.988683802334086,0.147367368593252,-0.0241075566265764,0.0143535148869773
0.983518334754504,0.0120427386486456,-0.167262247393855,0.0676017621392052
0.993345404098752,0.0958589184160202,-0.0610333635694367,0.018732443711359
0.707000220859627,0.011970852227633,0.0470868519431873,0.705542496789147
0.70620470562634,0.0372111572646188,0.0882113542048358,0.701504811470022
0.999546143139118,0.0143340237496913,-0.0141702686611677,0.0223885458421752
0.996061099376485,0.0276849344379591,-0.0786425816879798,0.0301856763966545
0.996619805927423,0.0745147109606291,0.0338874135827271,-0.00693999166512457
0.999501738930885,-0.00488706868528398,0.029035671040472,-0.0113719057783504
0.998150038234297,0.0447322712483611,0.0409274532859993,-0.00452422914493282
0.965034547526035,-0.16366472887208,-0.186816890161401,0.0837951559153163
0.995331989126547,-0.0907084942376239,-0.0313362008413616,-0.0102099466876222
0.986474069472882,0.140527277996516,-0.0839615646654541,0.00845281346238513
0.996212535875573,0.0644788766321045,-0.0571791936694012,0.0115584447024088
0.955223207581388,-0.29039978138712,0.0497184100256696,0.0272886491559623
0.977456616536309,-0.0354776478727141,0.188080111223103,-0.0891390545895303
0.958742672965682,-0.282640992480242,0.0271598985454283,-0.0137439555952889
0.999591956649197,-0.0285516944962835,-0.000771752712309224,-0.000354035833138779
0.996028618966486,0.0720680390681337,0.0521879722483282,-0.00309895098311348
0.991835431503114,-0.113284387770926,0.0571900444352684,-0.0125866246424613
0.697391497595032,0.013320944100264,0.0672503199069327,-0.713403844959397
0.988536299359508,0.121188661305231,-0.0870112950867028,0.0232018910218315
0.981924643008559,-0.112062884137271,0.148475290863359,-0.0349427167574491
0.985647865963617,-0.168200650729482,-0.0121470016100719,-0.0076990757517646
0.962091486411102,-0.268828525533411,0.0331405616021046,-0.0318260712546381
0.945398977559033,-0.130199020286611,0.0267396878507885,0.297580203374459
0.999952085596318,0.00612965669383692,-0.00330329880121554,-0.00688055502270121
0.972211119550096,-0.102875786662461,0.205724349561646,-0.0435844414804969
0.897052415775957,-0.433766983861223,0.0837031513188825,0.0117025433879183
0.923800206712491,-0.23146627083976,-0.266220136492622,0.148806526964858
0.990002693016997,0.13557297396586,0.0376742056672197,-0.00976169946732385
0.987102451508038,0.0100179571458589,0.156813546721133,-0.0306251910391467
0.996154221499214,0.0202490319512233,0.0824671184202787,-0.0215851354823167
0.999097283777719,0.0323205459590126,0.0273735632292674,-0.00326923431845125
0.999197795353416,0.0299615359134676,0.026547743894387,-0.00113552661628453
0.99915879063858,0.00875846366386597,0.0397117296956659,-0.00528951117571044
0.99327127798788,0.0261070150896343,0.110849525868666,-0.021046964202122
0.995971660650244,0.0308310463270205,0.0823004010940978,-0.0177916200422465
0.998605903696761,0.0440763831673689,0.0264567340608005,-0.0119817683041785
0.979388708018388,0.180564922129779,-0.0867658624750098,0.0258021822973991
0.999469227550488,0.0269443129944839,0.0148870809972988,-0.0106603000082755
0.996396762132276,0.0350612312510462,0.0759424271043208,-0.0140338961440752
0.998579264252958,-0.0173320879798607,0.0490011756683473,-0.0117446376444634
0.995488667157059,-0.065687732648668,0.066381423873295,-0.0167613217227349
0.997843337062927,-0.0629725678263276,-0.0184088340676132,0.00206039043658068
0.992908702466728,0.112607377391514,0.0367685403736455,-0.00999807789702841
0.998060617081741,0.0353846165552546,0.0511884202230367,0.0016368190861595
0.973762811682201,-0.0654070479623738,-0.207215922534413,0.0675978262212166
0.99569430171209,0.0728332197457609,-0.0541801979115845,0.0187799306122618
0.994123783246678,0.0841183078598911,0.0681314659093751,0.000342372809248327
0.745696781154922,-0.22301879913394,-0.109445247215565,-0.618239972559174
0.948622908034096,-0.296550564715668,0.109171924396968,-0.0159321010295964
0.993215562870518,0.0517155696247321,0.100414675327307,-0.0276629446932159
0.988137431576483,0.056807413201229,-0.138580476591599,0.0339526969541691
0.981454903128527,0.0369751976262527,-0.179668461045487,0.0556628421033236
0.947439118686394,-0.180864869535715,-0.235516711017791,0.119075161901805
0.711906962086307,0.0016893662325439,-0.0949218518664341,-0.695827180708705
0.673000715384567,-0.137133547017188,0.16013797951053,-0.708957160125089
0.708836514881699,-0.0162519598392402,-0.0774280715228583,-0.70092193767352
0.933149864613786,-0.0232606857806921,-0.341566383932371,0.10964796411995
0.998735073625068,0.0337520069626099,0.0355716305033131,-0.01112267236156
0.719942006351608,-0.0201722625611549,-0.0138576604859442,-0.69360258978715
0.949749059347778,-0.299507880720318,0.0882637155300802,-0.021937870800502
0.979165838044343,0.159994906112758,0.124025343012425,-0.0159250091220941
0.967357058903869,0.0136617022707255,-0.233193156755825,0.0982579773971379
0.985542694543525,-0.164907098268125,0.0367046972435768,-0.0128066925056074
0.92481891897179,-0.116633650010179,0.342713153098988,-0.11685141629481
0.834013969361552,0.0322471044977463,0.525012718702455,-0.166560704735411
0.837895691940927,-0.0402367747913854,0.476452880109576,-0.263257410943192
0.93348308219597,0.000550633497701719,0.340180207469942,-0.113518538144083
0.887346382736792,-0.373515565440977,0.263726199907769,-0.0595903591149173
0.976519084910482,-0.215210190969898,0.00244597946325248,-0.0094375681592253
0.999449973776757,-0.0307036012484256,0.00971667534626173,0.00791359641578005
0.977516835579279,-0.149702112688809,-0.136531059791113,0.0583899248834593
0.983120859197345,-0.110268932564987,0.141738925731093,-0.0349887932722425
0.999517504647565,0.0201335849487197,0.0222671236587026,-0.00797319661020358
0.989276696375238,0.127629135724292,0.0662728153950138,-0.0255016796071241
0.992321640077686,0.041994248256645,0.112280514426659,-0.030452123521613
0.99256591503413,0.102320148374378,-0.0628451063848527,0.0198490340465649
0.995988810524189,-0.0279963451409147,-0.0846480199679732,0.00756351008878429
0.991580214780139,-0.000990770658598674,-0.12227450663634,0.0426220724145903
0.997102180060385,0.0759413639504219,0.00403623344929286,0.00196483579966327
0.983225235312904,0.0666631065531209,-0.16573399954333,0.0368294483252611
0.971057779776802,0.225318648369129,-0.0783671228030573,0.011699961351526
0.98431343884744,-0.108758697053591,-0.129736779573207,0.049668581069989
0.985249532468443,-0.0938232570845881,-0.119686942408925,0.0784575746346789
0.99749196834141,0.068320642733671,0.0183921509791647,-0.00194721678242649
0.998266135033134,-0.0100359308962694,0.0552810234797604,-0.0175502757837007
0.643661209481205,0.763957746859188,0.0224469087204392,0.0395593820973137
0.997497660747877,-0.0225522614715595,-0.0659650657978926,0.0117653048966256
0.999710690021467,0.0228751718156412,-0.00720021219814723,-0.00184924728168175
0.991366129047576,0.124009389061691,-0.0424417137748802,-0.00368382051967005
0.994509997447874,0.0730911497741633,0.0716688735229087,-0.0217053304254237
0.991966306107745,0.126362492660709,0.00587541739246984,-0.000920579161797766
0.980620222563528,0.0544222337146022,-0.180858753583005,0.052079850512193
0.975813554625447,0.112826305374415,-0.184444452482778,0.0322238323781944
0.998328158947498,0.00739530182170474,0.0516491086238793,-0.0248709899646735
0.974034897242092,-0.0419338533608099,-0.204915434176772,0.0866443058316423
0.997912788186896,-0.00226714085509529,0.0636491749601175,-0.0106634784331885
0.934754967713692,-0.352765966243428,0.0323894826578069,-0.0272074403073019
0.979416072073654,0.141555992421657,-0.139187401209304,0.0365092607147094
0.993324378217286,0.0822433249822462,-0.0807750682806435,0.00425481837028049
0.991506500045569,0.129409559084211,-0.00463023445120662,0.0121073248053989
0.997366098243732,0.00436568728338383,-0.0653106696876405,0.0312461721426649
0.997847592053915,0.00326064900150587,-0.0554619987724263,0.0348355837106173
0.982341032739274,-0.0998948690237172,-0.145480325455985,0.0621497018873934
0.998980339274742,-0.0328747962878204,-0.0260861196458258,-0.0166446349728512
0.980584650196449,0.0827299368635494,0.169262228934926,-0.0544040366300287
0.9717399988701,0.0750770271494108,0.220375693246216,-0.038979076651374
0.938512985596394,-0.303313980214793,0.15005663523362,-0.0683886795863739
0.982731783297626,-0.0594302575648787,0.170770168709925,-0.0392916792874028
0.991508194493297,0.128867910335002,-0.0157574276108138,-0.00750102750447848
0.994405237142166,0.105448745000531,0.00316144913547797,0.00536579550582205
0.987116868743982,0.11937373768223,-0.102668982198805,0.0284478169129488
0.950540369849319,-0.295029983472172,0.0911602358262603,-0.0334682766695624
0.887355037259302,-0.397519145881138,0.212899511969753,0.0961944089410352
0.963689357642156,-0.132425309573438,0.216017558299991,-0.0842779559418641
0.987026133111263,0.143389962413499,-0.0689365315094582,0.0215982836801435
0.967562080922859,-0.250182599549874,0.0179108311657115,-0.0301908689780081
0.955710934288952,-0.29189899084152,0.0197963880420826,-0.0319326204174787
0.99992334799318,-0.00489768504460922,0.00896255816024021,-0.00699881208043131
0.985175644646078,0.0549591296256964,-0.157787202940303,0.0388798386730971
0.967562129226964,-0.250182501858812,0.0179102494338624,-0.0301904755620945
0.955710919447692,-0.291899025347651,0.0197965967250651,-0.0319326198055259
0.999923349916749,-0.00489771238416294,0.00896233931889783,-0.00699879836833098
0.985175914218497,0.0549592491311314,-0.15778569819994,0.0388789457450625
0.847589172692806,-0.143364837192949,0.442988911376478,-0.254558327673733
0.995903604634957,-0.0597657038284029,0.0650195968504623,-0.0194041991949547
0.974854650937833,-0.211958811705496,0.0648654736533169,-0.0228985155195898
0.999503713007108,0.0148738387574935,0.0274252462000791,-0.00435344420945986
0.994698685704538,0.0667164687936645,0.0768559457735741,-0.0147173723407924
0.931593585257654,-0.196994656630368,-0.2750429443113,0.132958173687984
0.997661939347018,-0.0259662448732006,0.0620077937568798,-0.0123061943319477
0.863412937140183,0.0209381138744944,0.370283666910471,-0.342008335257602
0.981807777259768,0.072292396533863,-0.168877397634383,0.048038760224036
0.913893896425052,-0.22480123289682,0.315014235595401,-0.122590306049667
0.726100441459719,-0.0406617176024295,0.053556104046574,0.68429271321049
0.992155198438785,0.11402649991526,-0.0491397855843269,0.0145361962251857
0.984379569196982,-0.0119504414050167,0.167516575931237,-0.0528417210740111
0.961416273258681,0.158344686312227,-0.223547611328468,0.0251430964562543
0.999646852425738,0.0167103366426065,0.0199319516357522,-0.00544540068269735
0.995202221052527,0.0655044392682245,-0.0692748417264386,0.0219705246193657
0.997712953568171,-0.00575671574355254,0.0667867801929665,-0.00867458918795648
0.996894789932282,-0.031280987487822,0.0720350548005081,0.0057644173639412
0.824044912197668,-0.125876148136574,-0.186793403501136,0.519820548285559
0.723915083489277,-0.36602469513039,-0.0731606031950316,0.580189969399297
0.998810537916807,0.019452438550353,0.0444732958121766,-0.00460846399424313
0.998977799811646,0.0229622981075469,0.0388518613818893,-0.00257317241257143
0.993512253353665,0.059102885295946,-0.0904840994139391,0.0353960328153502
0.998063436816104,-0.0504601732699791,-0.0111346960972497,0.0346289697682773
0.998040513209112,0.00557867127696082,0.0187922599172005,0.0594210685471066
0.979532405702006,-0.0624818616208277,0.172295106875383,-0.0832266741786334
0.999297722319206,0.0238658614840676,0.0261651789884956,-0.0122419864307703
0.886209452643513,-0.235635052134056,-0.319652479420615,0.238602641752599
0.995390823070049,0.0929434821562535,0.0231590071638029,-0.00472004870599228
0.961642634943463,-0.204042620557101,-0.167785661051695,0.073878437995331
0.963052870294358,-0.2626565536793,0.0515411195501238,-0.0297357835382067
0.973952631873132,-0.224087191262054,0.0292210798574981,-0.0186367934915222
0.998068002622603,0.0468218640363423,0.0403935489785581,-0.00602796731969917
0.950735996400682,0.0898790205927347,-0.288710530441338,0.0683304940533453
0.990703018161886,0.116247259155197,-0.0695455101958145,0.012550958347404
0.994170092674613,0.0883571258285103,-0.0599796030014121,0.0148758989802353
0.987462447352456,0.129282908699108,-0.0881946326249739,0.0206288963141826
0.990766403215989,0.111428452477742,0.0755345485160517,-0.0161296688541075
0.997285050669845,0.0630179472097748,0.0371199892862665,-0.00856577114444293
0.999785327876389,0.00453736477504573,0.00229310670708845,-0.0200861182319814
0.998131215766745,0.0292581574148064,0.0516178694352135,-0.0146161517390807
0.952832333047476,0.204726411999429,-0.22132575498147,0.0348217103403442
0.989940544191441,0.128343313517087,-0.0587649679748926,0.0096120435037404
0.977233434703933,0.166680181155556,0.128660469275462,-0.0260579153526052
0.994169957540433,0.0804911375994083,-0.0693302004111168,0.018455232400609
0.993419475342932,0.0613069624525002,-0.0957358705793361,0.0139228391012079
0.989371778986987,0.032294749689681,0.137585950164964,-0.0342145934333471
0.978627227983637,0.152127952394558,-0.136214389313435,0.0243202568503897
0.98505179369297,0.0941108676906166,-0.143798928148164,0.0117463436107487
0.996812792092639,0.0274484549401919,-0.0748162483393671,0.0036563405607653
0.968145360952308,0.152058450402266,-0.193330702214904,0.0468617894331638
0.986675780408463,0.162163570954142,-0.012905216181661,-0.00270850624061371
0.949743971864645,-0.203896698068798,0.23114922150054,-0.0546128356991611
0.995805402223541,0.0612845997442511,-0.0650323695082565,0.0196618832449941
0.995860472819189,0.0559277250130199,-0.0694117369467521,0.0177769239533674
0.947196213270598,-0.316794379222645,0.0450873771469971,-0.020682922443002
0.719490011017947,-0.0775529439520056,-0.0373844307273104,0.689145898390875
0.922296147211833,0.141366807631265,-0.355544650589454,0.0545274607475606
0.986748027552448,0.149812685077737,0.0623145660614548,-0.00117659157066961
0.982268090366636,0.184927257363693,-0.0263504028530058,0.0160301091982699
0.992791988517866,-0.0590682590419763,0.103028811986425,-0.0161267544520398
0.991580889049966,-0.0543777863278298,-0.104564428502603,0.0536346633893351
0.988683708875194,-0.0877888246727255,0.112352229280395,-0.0466328493993083
0.990414061452393,0.0244961384658966,-0.132693292594784,0.0295366920624211
0.995966792625743,0.0878044288192121,-0.0162364050732226,0.00876980141282283
0.952630135227769,-0.0809904262429365,-0.280833458087041,0.0840770190467305
0.989415054947889,0.00488496092816667,-0.138241798717577,0.0438542048899017
0.995224255875687,0.0971959816122768,0.00208917312633565,-0.00878959787244555
0.996350546729749,0.0252926667848087,0.0802044588991005,-0.014598418097348
0.990863585214114,0.0967049459957907,0.094007935260976,-0.00013047816587983
0.992694508055784,0.0942605215063753,0.0750125371354877,-0.0067592184258962
0.994771898087514,0.0359928837639272,0.09230387187514,-0.0247664759418563
0.995021101632277,0.0111768876396894,0.0959207529796617,-0.0246433284479748
0.9903315241015,0.0430115420014927,0.131811146637827,-0.00439331850365158
0.983660099508999,-0.104092101983873,-0.134603480347956,0.0588179055793691
0.988739458656707,-0.103345823747168,-0.104672666463062,0.0275237443814237
0.955117064793314,-0.177014399947139,-0.215375484206582,0.100153360176973
0.949760351033326,-0.130202701755657,-0.254891509192948,0.126620893228255
0.950977249603671,0.137248653430051,-0.268683610097082,0.0679278700760896
0.905670375078661,0.0919065704918902,-0.403782104658915,0.0909635419413349
0.996817596971086,-0.0106645991552167,0.0725255269085864,-0.0313208020376142
0.989668712627087,0.111987611039741,-0.0872795258607454,0.0199223137757392
0.996673193524706,0.0482904916832541,-0.0614187565908793,0.0232015098880325
0.898157535015069,-0.174037501403304,-0.353432644004285,0.195216179024922
0.994676149502758,0.0495880683464315,-0.0687942637017311,0.0585468220296662
0.983022529514192,0.102826861022641,-0.144214895119708,0.047910407484818
0.993847944949493,0.102954331037346,-0.0181367269751945,0.0365749528359134
0.690146691225222,-0.206047723902502,-0.143658797113068,0.67867814910862
0.999165383616036,-0.0389301719504692,0.00962503780190037,0.00776766004905738
0.95030185420572,-0.211995785089157,0.223452172549351,-0.0453133488122255
0.971886465058895,0.0767246719218636,-0.205860193678055,0.0846853258400832
0.735925274677809,0.0990498531075038,0.00189087366193567,-0.669775739547625
0.984173357553874,0.116966168125283,-0.129354194920414,0.0314517098376732
0.960169441931132,0.0680023833237682,-0.258057782539339,0.0828039824816774
0.997816806945626,-0.00451531230590694,0.0646900513974041,-0.0125071572236184
0.894954087326572,-0.444281675261439,0.00700646605646466,-0.0402726214412671
0.998502206100505,-0.0144615046036096,0.0514793164319645,-0.0115796924277629
0.996575979217319,0.0518747505990712,0.0631259396537735,-0.0126666349183386
0.686467056079911,-0.00216922796809641,-0.128050236331311,0.71579425280069
0.963824310749041,-0.256645041990348,-0.0377154677139649,-0.061266335993151
0.999594529507015,-0.0186880787901033,0.0211569860088241,-0.00373017879030685
0.999191558194834,0.0109674411003695,0.0375924130731826,-0.00909701858992911
0.903610398675802,-0.113403393776081,-0.380167112982706,0.161557679766146
0.887348340961318,-0.0878661073255823,-0.417323973731831,0.175308784506994
0.959207555056656,-0.186598567727941,-0.192220645551472,0.0902943202415734
0.997598721846985,0.0328802690438215,0.0586642144976432,-0.0165586235612417
0.973649001099866,0.153723992167784,-0.162082889130107,0.0458878408782745
0.998213691596729,0.0192123610099465,-0.0545857434224798,0.014856234659881
0.923880973233106,-0.0852961343884414,-0.280934222285003,0.245447508655841
0.993697558374145,0.0393418084071881,0.104259912439928,-0.0121348774420509
0.985314979161052,0.00685482081352634,-0.156603916445459,0.0676950266002853
0.998883949327315,0.0213074591368032,-0.0393660378276173,-0.0150719284484232
0.990192507878726,-0.122437147303415,0.0654850760156398,-0.0154805400508768
0.971584185780543,-0.226587111643506,-0.0661012227163599,0.0176940423198147
0.985656463555946,-0.102756653147902,0.133042726346165,-0.0149009748206795
0.986785856433437,0.0729338603034303,0.143053787259122,-0.0216780883610569
0.996526094158396,0.0586397025785317,0.056680580949929,-0.0168653694323813
0.976934074039673,0.161947155059007,-0.131427194023014,0.0458238651771998
0.983043279929606,0.15539961234999,0.0953753956329435,-0.0195039527936034
0.990306271000018,0.119362494773887,-0.00683309331552191,-0.070706387937264
0.986762925654535,0.0962705671049394,-0.126450942321794,0.0322655489481583
0.997273996648015,0.049422187529833,-0.0483379241893407,0.0257966678958011
0.999920069180316,-0.0126216391801369,-0.000668563304078135,-0.000320153004393133
0.873866039864096,-0.220244074641923,0.400007038103571,-0.166868395524659
0.989756516585872,0.119148663405616,0.0766498089723546,-0.0176193265749981
0.995577031789986,0.075683785302623,-0.0516875079415499,0.020657684703278
0.996571191555142,0.0739525358032058,0.0357800450241679,-0.0098321405964395
0.996593154313281,-0.0036048105325571,-0.0823528932984461,0.00266290861728566
0.99700730113005,0.0765854655094854,-0.00343321129282356,-0.00996599349230198
0.995784791489361,-0.0837983646790553,-0.032416777121523,-0.0184292071630508
0.996264527313927,0.0623307659983344,-0.05779934781121,0.0152020596833814
0.99834149433029,0.0523478993122049,-0.0228834253555726,0.00709274135706087
0.99952134550697,0.0294940999981656,0.00256334242537283,-0.0089781521954518
0.995626390982049,0.0895162505809552,-0.02578245232781,0.00708488630482041
0.992189973188781,0.120523664799735,-0.031137568631291,0.0079721481809202
0.988850779316058,0.125023209955552,0.0803390535607637,-0.00943237464246047
0.99559215143816,0.0629670893670179,0.0686842174277701,-0.0106720161036522
0.997155522010787,-0.0265171571852606,0.06926311375254,-0.0134285655045399
0.99355793823945,-0.0892243887224244,0.0688180034280367,-0.0120712146307742
0.992683177022692,-0.0686227556305757,-0.0972971385119714,0.0201070709747303
0.996815513990152,0.0325703606198261,-0.0720373046403726,0.0104225437295614
0.987446219762373,0.128314800935141,-0.0895763440635713,0.021479141560574
0.998587588496184,0.0437336537743276,0.0298663870893198,-0.00426550713920549
0.751603781321132,-0.0992720378816969,0.583415181531288,-0.29131348124899
0.999939999349466,-0.00657232763149089,0.0074249993446731,-0.00465527606336889
0.999842730589204,-0.00838131718966615,0.0112842929890374,-0.0108135258740275
0.985058217208179,0.15222705460757,-0.0803377599312983,0.00575125076565366
0.998143269840826,0.0510060245484645,-0.0332077374751593,0.002375816281969
0.985927969394447,0.156803052224607,-0.056986883848993,0.0105516372175572
0.904584442495547,-0.239856669189131,0.319104624061778,-0.149559364611204
0.994426763879633,-0.0897258046458387,0.0524634732487975,-0.0176713110778589
0.979159815255517,-0.198409937783567,0.0385496700073163,-0.0198362224183622
0.992184007092223,0.121648669132475,-0.0233237906693658,0.0151161555141535
0.996574441470361,-0.0747636739410723,0.0170242627308206,-0.030983062233145
0.998894679134989,0.03819460817271,0.0234195452420262,-0.0142167789248243
0.998624512876922,0.0341851006636539,0.0352961251745028,-0.0182932971771523
0.996197767318465,0.0870425253339601,-0.00309117291602165,-0.0020129141054707
0.997991779702357,0.0375101408026905,0.050993097224886,-0.00225854353459706
0.976159827022982,-0.215147840535457,-0.0279216344645934,0.00661673244254663
0.994574489285576,-0.0112044729454645,-0.0971772173357138,0.0353925624847623
0.983634429503184,-0.00821417008652736,-0.166161701796656,0.0691818282627319
0.986905163032031,0.155630756556579,-0.0416916913408669,0.0076856793768823
0.998495573969374,0.0222298401349596,0.0494749625673151,-0.00804058767180655
0.964504723030435,0.125573205195666,-0.229214650503299,0.0377180776753065
0.973934049162474,0.172848755923372,-0.142910073085293,0.0339482910981745
0.989941713016126,0.131157011536349,-0.0504670069781648,0.0163194473625259
0.98115653741656,-0.0417100808739502,0.180873449988004,-0.053636865378873
0.995569389780628,-0.0889054537875158,-0.0250141732969304,0.0176550715924802
0.998458930400826,0.0484216118117256,0.0253781268116345,-0.00954266691893336
0.992208600210777,-0.123894302998393,0.0106532363910415,-0.0076683705380861
0.977605370189912,-0.209122218102743,0.021653642100514,-0.00931438969637378
0.980946255553658,-0.162566138813345,-0.101112939964067,0.0330585480382977
0.990154159197741,0.118258407961256,-0.0733216797616762,0.0152846735918324
0.997072074723714,0.0733844239359961,-0.0167875242818409,0.0134232320331856
0.998857833242633,0.0465526185327916,-0.0103945143862999,0.00279941926923723
0.997828227302463,-0.0405288217668367,0.0483617185813871,-0.0189046973123484
0.989169418178183,0.118220157466799,-0.0847104052011523,0.0197990848328137
0.977924129602173,0.160274681549374,-0.132000916450074,0.0234985372399978
0.998509305523616,-0.0224401021170764,0.0484078361746976,-0.0115017388513257
0.981935931261048,0.0651423990508824,-0.173131555550589,0.0397964724193854
0.901761071322744,-0.0781401704453307,-0.391220130748866,0.166336686592199
0.960704671877334,-0.27396790278792,0.0380010255260877,-0.0233247451008308
0.991175514167468,0.0433666388835081,-0.123206554673662,0.0225960092106578
0.971613306241756,-0.17952751434789,-0.149867103929831,0.0357394164154474
0.953610173664167,-0.101742054061301,-0.267497928692067,0.0933865582674458
0.998977746573623,-0.00455843709690786,0.0424950583770875,-0.0147259130598772
0.999049589013663,0.00196447364585421,0.0421927751958439,-0.0107624001133311
0.987684358984074,0.111057288522494,-0.109355092842068,0.0136875620091132
0.980840238015516,0.0510025326655037,-0.183454533648449,0.0411777031316745
0.976133958018107,0.0929749733135451,-0.191092309352153,0.0447423697149721
0.985364283355989,0.0358363987855772,-0.161337136489353,0.0417529639407148
0.95188417792304,0.12178948488734,-0.278482381055815,0.0391330631581448
0.991176248340077,0.104608385940582,-0.0794459770431546,0.0177501281419507
0.999213821562485,0.0386648763266738,0.00868751743131132,-0.00113717985327432
0.993575337505935,0.0675078130911519,0.0906162965962402,0.00627938395060636
0.984123176100042,0.154886848847117,-0.0797870243584638,0.0338477334691589
0.984117105987495,-0.166568256869901,0.0581936492624576,-0.01954575891689
0.71279693616919,0.0250747963189627,-0.127978743412334,-0.689139480520438
0.705363221258731,-0.176725196997948,-0.0614468577954342,0.683706965379621
0.998548505434755,-0.0351444943116316,0.0407845967993679,0.00153736056567684
0.997310764717537,0.0668481078650399,-0.0284722199940729,0.00958653962568392
0.944616515485007,-0.310022032724092,-0.107062591262523,0.0111166294684958
0.996103233069584,-0.0406137682693643,-0.0782419780031803,0.00265777603162033
0.99107202215839,0.0822629334455119,-0.102590062250667,0.0220076305681276
0.995716621648545,0.043396614152722,0.0808615908874935,-0.0112492831785928
0.974902953708106,-0.178601705623227,-0.0686063506543362,0.113836858045091
0.996346559318182,0.0583280391538249,-0.0536280017480517,0.031865514460004
0.94756659154086,-0.260628268846049,-0.148417695466531,0.11028439484511
0.992813235942494,0.0489831293282807,0.107419632352493,-0.0195845388982636
0.998526297959099,-0.0177029180917179,0.0490922524259852,-0.0148926064501024
0.989971092887862,0.076512359649903,-0.11540873005648,0.0279985552121312
0.927796504674433,-0.316092456314936,-0.0361222889144921,0.194870175291844
0.692197523816771,-0.0212888902240135,0.00487833500735985,-0.72137755234171
0.995101671595062,0.095850019727148,-0.0232427925737035,-0.00672380103767619
0.998486663284199,-0.0264004448980021,0.042786514846497,-0.0222870792178922
0.99468358398979,-0.0283986366866468,0.0978269213378588,-0.015098961458399
0.905809432144166,-0.102037267515437,0.377241607320502,-0.163665629815461
0.996200265901212,0.0867943662645106,0.00354195128009948,0.00626280961116079
0.997197945712624,0.0672328290853896,-0.027461822777217,0.0179402354903975
0.996216718666437,-0.0860931827795696,0.00588179880467925,-0.0102770507044506
0.9961875828955,0.0448749709115071,0.0744185091976891,-0.00764343897113413
0.969392691561084,-0.245100990435169,0.010385696893186,-0.00976991994336751
0.997075309486537,-0.0170947953811093,0.0677995912721644,-0.0308514279496413
0.963523334456873,0.0667336875693641,-0.246763767097885,0.0792277864651317
0.945291300446001,-0.251358999801667,0.199004485765257,-0.0603342785248934
0.964421352796899,-0.253024989020844,0.075749501127044,-0.0114813883918565
0.986992375227671,0.13894301903433,-0.079062556899106,0.0170294098735634
0.697228234708765,0.0611267558116398,0.00239301151705543,-0.714234262651073
0.989195191894579,0.10322273711784,-0.100672725788739,0.0265130374874874
0.977713507458527,-0.203082398076997,-0.0532210620007468,0.0011642525297231
0.994930197210415,0.071963216014226,-0.0693768461025383,0.0110476895593504
0.988955756482896,-0.137210575765797,0.0515644802722866,-0.0219288392672604
0.981961896639846,-0.13255974737143,-0.122507147355117,0.0563093755178585
0.989219702150557,0.0429180446044898,0.139147717384063,-0.0155027439924201
0.993302332054657,0.0737371918767238,0.087463259317038,-0.0162321267415943
0.994363736122336,0.0404151594861497,0.0968629976893633,-0.0149978280816953
0.989847576744796,-0.0138376952692059,0.139100746022816,-0.0257152767433662
0.997801910478732,0.0645925473751534,0.0138409874515253,0.00525141266215962
0.93746468863542,-0.141596563778451,0.304301872262848,-0.092253678653786
0.996197167833658,0.081960083493081,0.0277184148741714,-0.0102682515974859
0.997628180856834,0.0638163358332888,0.0213540688698698,0.0144738309993441
0.976944089525025,-0.213106070455474,0.00041502986785578,-0.0128793022852602
0.989916821339509,0.134170259801244,0.0452116452642167,-0.0043514763531108
0.942563693366026,-0.31160328640672,0.109113428936501,0.050708337326783
0.990560707023244,0.123183021652964,0.0588201222147646,-0.0124748587445457
0.995745600609896,0.0879272990983028,-0.0275184089723827,0.00149201439126283
0.948534487658556,-0.265147899419541,-0.142523896712429,0.0983150854224856
0.993968845007349,0.0728647931621042,0.0801692594036601,-0.0170160782458299
0.992088015339305,0.121439843930623,0.0304375598108657,0.00934286246207333
0.995295215540641,0.031613342723211,0.0913555388197644,-0.00649584565123797
0.957475283705317,-0.283455612684465,0.0534827378713162,-0.00579598834418287
0.98872311182405,-0.143363285919673,0.0321783689186546,-0.0289504571469134
0.925564303702251,-0.375299231752648,-0.0458521459988801,-0.0194624527061037
0.956366664356236,-0.0943272407819661,0.260845432216603,-0.091786902368049
0.890608015934729,-0.209230881017369,0.362538833376683,-0.177779061408746
0.979863221869968,-0.196553292743636,0.0309590788040496,-0.0166254316589136
0.970756581049483,0.216246753995573,0.104251587781854,-0.000779859255272188
0.996727391314143,-0.07451007216254,-0.0286690927125981,0.012682258216577
0.77117311088564,-0.161829534899708,0.0881370774798811,0.6093727022557
0.979308970579667,-0.0877248186528486,0.178362295374624,-0.0380156273552582
0.994960369494286,-0.00340613235427978,0.0990010253616626,-0.015526054731281
0.98590200624052,-0.108042574791754,-0.0908063886733727,0.0898790070004447
0.987946057761885,0.0664196895511269,-0.134812250556026,0.0371034889559181
0.991277999092665,-0.130923552571591,0.0124979066003272,-0.0084115532148055
0.916752049701597,-0.228879104040502,-0.283543601320804,0.163655312323085
0.998726493594717,0.0481698709836244,0.0113532132092408,-0.00980607318188082
0.98904082030889,0.130623034940595,-0.0671203711090691,0.0151899403490331
0.993532276625736,0.0927781238433777,-0.0654617759609011,-0.000768717783311036
0.995544314084942,-0.076695271089134,0.051908007479153,-0.0177457838725313
0.983412214025902,0.0796018848522567,0.160318809398322,-0.0293570534241139
0.896275847773626,-0.297351556067872,-0.280256426300226,0.172418074223992
0.982411055055547,-0.0764210939644732,0.168985158347334,-0.0217336504123679
0.999960065927367,-0.00829807318069897,-0.00309610185821702,0.00119276372618691
0.98827114643708,0.0703004839303311,0.134520190432533,-0.0168018286235597
0.955253077791067,-0.291053602827806,0.0515076223823059,-0.0112393277454282
0.995256733309467,0.00641436556109698,0.0939040175225552,-0.0245952477064363
0.981093247823303,-0.00514862261408916,-0.177129774036033,0.0778111425866777
0.997681696441488,0.0500028153733141,-0.0448353053684118,0.010988468177979
0.72327536291759,0.0821125965832289,0.12249497394236,0.674629714908593
0.927308377121167,-0.213671983603481,0.186181960451886,-0.244498946308882
0.999535562124498,0.029268026663098,-0.00635941743184325,0.00562142985726387
0.983070009441668,0.0666152734755182,-0.166136915504897,0.0391699780783624
0.944654610318532,-0.287771332666486,0.152470940598285,-0.0395972167250619
0.993622760095075,0.0331998852404696,0.102771943919266,-0.0323960766778966
0.989605061827058,0.0563153304038896,-0.127798157469089,0.0343225307235857
0.996239809794418,0.0587585448563574,-0.0632759432833947,0.00705902179783386
0.990645890680649,0.104557366213524,-0.0876821632425556,0.000560978735117576
0.888567086121624,-0.260559178976254,0.333655102473276,-0.176724984951462
0.97618461889975,0.0761754763468187,-0.199748377268859,0.0368981355266545
0.989860770687403,0.130087029602251,0.0557965636551055,-0.0118221346501149
0.979487327685818,0.0741827568064776,-0.183937107741715,0.03561788723518
0.99721818173536,-0.00937535819544513,0.0714195787355123,-0.0191636230491741
0.977137953411616,0.0977859890367779,-0.184872978420393,0.0382269826252397
0.999428497378386,0.0271121759168093,-0.0187444224065473,0.00750034490423931
0.994038219371517,-0.0977314264257703,0.0469661669184273,-0.0114352910972169
0.996845211398315,0.077835605683631,-0.0154690132494474,-0.00139736509144981
0.996876077702606,0.0430578335767587,-0.0593974651146911,0.0292583288978324
0.999884736157244,-0.014234125550293,0.00106196594223183,-0.00517458190720708
0.999154864913464,0.0255153578789484,-0.0316352756193826,0.00614261903039488
0.714552600994352,0.00138357892753145,0.0605543157256767,0.696954690757263
0.995863906165078,0.0778224287703517,0.0459795760400084,-0.00919937851686024
0.980112829032481,-0.161130337675681,0.113033598578007,-0.0252836357941844
0.97259377409325,-0.15685515146032,0.163980149315747,-0.0506786215853823
0.979042563201614,0.10844401473799,0.170844911819809,-0.0229689183986256
0.988533410954378,-0.0231351389351122,-0.132288947439744,0.0690369115664959
0.701106527830769,0.0983793349434938,0.00194358455026788,-0.70623463917331
0.984297101942723,0.110374286262392,0.135412973898592,-0.0252993782366961
0.990366563099793,0.121871097074345,0.0651270441223312,-0.00894284718013658
0.937576364862084,-0.190536367030869,-0.263053640075003,0.124294952970625
0.990455154868514,0.122990120853364,-0.0606435374714903,0.0139419413930178
0.984198758205861,0.169583163617405,-0.0472206632308623,0.0190935572272857
0.999852629223817,0.0129279635337034,-0.00847320934335665,0.00746942544751868
0.997929355193976,0.0104264344900972,0.0610182137721577,-0.0174662272404646
0.963833471460935,0.104946931777413,-0.241743746997795,0.0396376284549799
0.979785452910487,0.0318493926673598,-0.190375313256828,0.0525673145031781
0.985664560997827,0.13656629826124,-0.0978897358144455,0.0152518521616382
0.994980882351318,0.0892487472339331,0.0452308400627659,-0.00136966411348378
0.947241807960601,-0.024202058084721,-0.305527820842523,0.0938081463798101
0.955912779674756,0.0767635132155054,-0.280091761677444,0.0434364562748922
0.976972272761563,0.0774153086651438,-0.195150329283213,0.03805781417843
0.989314765408579,0.0258079673473781,-0.139849005348592,0.0321325297630771
0.995959540601686,0.0747799737967149,-0.049455439750997,0.00516802500743118
0.994973644001927,0.0793659643668767,-0.0602701986254176,0.00979768336369138
0.992391943825344,0.122108962544662,-0.0102976820684645,-0.0118991109264281
0.935144067646974,-0.189171547804665,-0.258575693079056,0.15118964645287
0.992175702573063,0.0734793244140652,-0.0975229507229406,0.0260276427974721
0.743465012655885,-0.0425428443792235,-0.123463846547098,-0.655901334001163
0.989482339068874,0.135899521083261,-0.0464746980119865,0.0172082330535218
0.990835162983585,0.119708261203629,-0.0596799158265836,0.0188127521067049
0.997660178696952,0.0548030317245112,-0.0361287210003646,0.0191183439410126
0.997390715487829,0.0567887861506568,0.0445597218761374,-0.00110707386021606
0.989501702794254,0.108517814317542,-0.0939245038070731,0.0169838666860886
0.971670566345988,0.220809760179422,-0.0842569781214442,0.000349205119172312
0.921348271622936,-0.122215949515062,-0.325125394103363,0.174568330950069
0.993448401216161,0.0195567864753472,-0.104746607668271,0.0413032009147143
0.98245600641016,0.0501074367078348,0.173494852198725,-0.0465722719621119
0.993494071798049,0.091008337060023,-0.0678882197348456,0.00884316170470579
0.994826103020264,-0.0283083905655955,-0.0968411265628263,0.0118935267748182
0.982974959722568,0.0677269001255337,-0.165524397937576,0.0421303838720314
0.979411993190574,-0.167700026772591,0.107205105058751,-0.0337033242319239
0.992965879441797,0.102052309173826,-0.045566824992109,0.0390864799746391
0.992780013777993,0.067577712276762,-0.0901761165945515,0.0411018861164836
0.997563807547932,0.0350384741616979,0.0589155578636371,-0.0129503760760063
0.994186093219052,0.0794548398301239,0.0719792586478968,-0.00999633942538708
0.978510345960622,0.0641834648551732,-0.185667735861843,0.0626536315559242
0.976635213621621,-0.143411041755117,0.152257952021221,-0.0493401323798984
0.966451194857015,-0.254353117182456,-0.020565251927706,0.0292172920060246
0.987714800847066,0.111931634017798,-0.104132425789892,0.0323607693489877
0.965594898083259,0.00620676153642468,0.252487046870713,-0.0619536929433292
0.997068339441157,0.0523957239512341,0.055755624664921,0.000851418759380665
0.71707939754877,-0.0151703354270459,0.0600936923528222,0.694230326817785
0.996124563769179,0.00414770532514967,0.0870929560227092,-0.0115527921917605
0.981392811461116,-0.19118590948894,0.00798396288132553,-0.0158856527106582
0.908139390131367,-0.384125680440311,0.115475928848948,-0.119981746839131
0.997950193405602,0.0250636459959955,0.0579131428174793,-0.0106439193961304
0.990858788294003,-0.019912219496272,0.13065225645732,-0.0270620224278122
0.987482126401578,0.117292506948029,-0.104429686563789,0.0146955236536121
0.974400000369491,0.146585408296448,-0.167707968298178,0.030518760194281
0.999499036972901,0.03024124148057,-0.004765093918786,0.00802722143095458
0.967459108521089,0.189397714992848,-0.165710182746469,0.0262966581374928
0.996963932129879,0.0384389320477799,-0.0626462933731411,0.0257061950074776
0.989925955953409,0.132579113880691,-0.0469669060462363,0.0162323759438994
0.981173214876486,-0.088701736561038,0.162215439043837,-0.0558325682358655
0.96398529171873,-0.0476888120163928,-0.245128564956023,0.0914883664791332
0.998706367575076,0.0188589498764487,-0.045402230669584,0.012983405746625
0.996652408098621,-0.0375205746242269,0.0726368976381146,-0.000254975682375831
0.988157653602543,0.145250822623637,-0.0480329897267513,0.0118102519779673
