0.962081059501784,-0.0100074029590846,-0.267735349306487,0.0511631661029085
0.988885517781596,-0.00473215201030814,-0.146167990226076,0.0267947400145136
0.996632727842526,0.0141703670250317,-0.0795675258136972,0.0138352928204701
0.999850881686935,0.0083305017900798,-0.0149992665225694,-0.00195937070715659
0.999596549547425,-0.0123819471727184,0.0250472058062296,-0.00510519327699484
0.978597387536326,-0.01858051216865,0.200059586660571,-0.0444756052216273
0.961774774229795,-0.0104842773451893,0.268255900379863,-0.0540197694845621
0.949324612154033,-0.00994753340851145,0.308054334185566,-0.0615333610911123
0.925787429228697,0.00199650858597807,0.371961527265918,-0.0675149766317946
0.888962323162621,-0.00467268619372079,0.448475272546869,-0.092704282075111
0.850684810424927,-0.0127300361819126,0.515810246502574,-0.100563855803503
0.737681397133581,-0.0134192764382048,0.663075147274124,-0.126401852875349
0.662179897262646,-0.0166133980898664,0.731141483484677,-0.16332149213427
0.797153394628388,-0.00255553426246556,-0.591727075317113,0.119995845818623
0.96926212347525,-0.00326437576518767,-0.24221629861136,0.0430295774337398
0.991176193899698,-0.0171415294278879,0.130702986969148,-0.0138798347513045
0.967201160825066,-0.00962940188389037,0.251381831648344,-0.0351619657460572
0.947439824211772,0.00831001092414679,0.31732071131852,-0.0399535903807797
0.924627627796892,0.00563708307441468,0.376573498625478,-0.0567835657745354
0.908599640663172,-0.014183054251318,0.411938031072266,-0.0674729020804946
0.899209192250223,-0.0381323240349441,-0.423126663216853,0.104558984842848
0.929913626723176,-0.0142332802556263,-0.35665675526036,0.0886229061522295
0.959066270144502,-0.00533457483950787,-0.275783664180779,0.0640843378168079
0.987333360721812,-0.00938549428341467,0.157240862669049,-0.0189752051351587
0.962081059501784,0.0100074029590846,0.267735349306487,-0.0511631661029085
0.991176193899698,0.0171415294278879,-0.130702986969148,0.0138798347513045
0.992185989502724,0.00596360340408288,0.122196348979083,-0.0244836673135864
0.980935554292747,0.0239325972440398,0.190002077214924,-0.0330436040338985
0.966334963880344,0.0192553680198376,0.251528887265985,-0.0505884102886222
0.955641859168465,-0.00165182856045932,0.288468552024575,-0.0594289740807577
0.886836747404666,-0.0064838688219039,0.451173265434869,-0.0996053585639403
0.85371951838483,-0.00221432109594294,0.50942100376826,-0.107927390548444
0.827318850069646,0.00212878021950066,0.550305757478326,-0.112705642717751
0.874549127827139,0.00731016437056464,-0.472389701389989,0.109354261619484
0.911575158924737,0.0236438831072709,-0.401929264243696,0.0832139589700677
0.999620402313881,0.00738745134799824,0.0257282426088249,-0.00652183813640089
0.988885517781596,0.00473215201030814,0.146167990226076,-0.0267947400145136
0.967201160825066,0.00962940188389037,-0.251381831648344,0.0351619657460572
0.992185989502724,-0.00596360340408288,-0.122196348979083,0.0244836673135864
0.997417621255619,0.0184801351498833,0.068587193869272,-0.010600483515528
0.990845597477203,0.0133140156778993,0.131513211509254,-0.0274228763096824
0.984802386002461,-0.0074836667579958,0.170215608071649,-0.0336883069404581
0.937245802221097,-0.012697427218023,0.340577060978715,-0.0735958361327264
0.91161925883974,-0.00718913805861511,0.40263997740421,-0.0823388839030155
0.890916789270571,-0.00413364118565856,0.44531440315248,-0.0891362437581686
0.858189726797248,0.0060984004669094,0.504797412572153,-0.0930202912910395
0.8100084512566,0.000577756879645557,0.574350114587943,-0.118355063105426
0.762719047810539,-0.00775281138686469,0.63420556734717,-0.126423282540988
0.628804378586372,-0.00986797845308497,0.762945295621623,-0.149740283025947
0.546372767069621,-0.0151943910024759,0.816424197815634,-0.186272539865243
0.80678150622011,-0.00263088981503073,-0.577221582513163,0.126142476275808
0.856100563572868,0.00637211543336482,-0.507026271704073,0.0998778303578361
0.995158499225349,0.00129123886802008,-0.096747955565545,0.0172547737053572
0.996632727842526,-0.0141703670250317,0.0795675258136972,-0.0138352928204701
0.947439824211772,-0.00831001092414679,-0.31732071131852,0.0399535903807797
0.980935554292747,-0.0239325972440398,-0.190002077214924,0.0330436040338985
0.997417621255619,-0.0184801351498833,-0.068587193869272,0.010600483515528
0.997856100975682,-0.00555160944507685,0.0633846462884543,-0.0153221406163092
0.994175424682032,-0.0261842600151863,0.102708197885205,-0.0195098839804685
0.937638390101456,-0.0260023417992626,0.34051145777084,-0.0648850888546908
0.920084498678977,-0.0219723097905725,0.384602258687317,-0.0710129249203005
0.891794841328258,-0.0112298730298099,0.446040140577236,-0.0749936259016839
0.848396095404918,-0.0163873568541989,0.519783218910708,-0.0988985600291834
0.805201417086001,-0.0241846424026214,0.582973012883118,-0.105869009840142
0.682228646961799,-0.0215834684467161,0.719505744085106,-0.128100395717655
0.603517997321436,-0.0183893563868725,0.779974329475555,-0.164523262306455
0.770334057739892,-0.0201585845505183,-0.62515886084986,0.123917188702042
0.813924346782172,-0.00944621974691883,-0.572453816747303,0.0986638451468071
0.985793567035199,-0.0168883360624997,-0.165081013561188,0.0259631711982371
0.999850881686935,-0.0083305017900798,0.0149992665225694,0.00195937070715659
0.924627627796892,-0.00563708307441468,-0.376573498625478,0.0567835657745354
0.966334963880344,-0.0192553680198376,-0.251528887265985,0.0505884102886222
0.990845597477203,-0.0133140156778993,-0.131513211509254,0.0274228763096824
0.997856100975682,0.00555160944507685,-0.0633846462884543,0.0153221406163092
0.999024114784024,-0.0202521888151706,0.0391303986020198,-0.00307877141703648
0.975425984676801,-0.0258690893682677,0.214884913994057,-0.0412239295836379
0.958506677448617,-0.0193912938367761,0.279910065059807,-0.0503912937714879
0.943976951973482,-0.0149625211492114,0.324667060792985,-0.0572270630013361
0.919785153599595,-0.00304375707594266,0.38740233101627,-0.0624935251349552
0.881866981456327,-0.00598662828200942,0.463450480778515,-0.0865357681255741
0.842913029310944,-0.011620474874872,0.529644524194812,-0.0940173790954728
0.729022237943723,-0.00509928584779655,0.673848738959685,-0.120118486794542
0.655178006672616,-0.00375631968124236,0.73842402192699,-0.159554484349762
0.716830409950591,-0.0260083991937762,-0.682402833271552,0.140727039634899
0.77684023727414,-0.00415205081453346,-0.619206727238043,0.114389838574248
0.972738353231784,-0.0123722055662161,-0.22756239719042,0.0429229550042088
0.999596549547425,0.0123819471727184,-0.0250472058062296,0.00510519327699484
0.908599640663172,0.014183054251318,-0.411938031072266,0.0674729020804946
0.955641859168465,0.00165182856045932,-0.288468552024575,0.0594289740807577
0.984802386002461,0.0074836667579958,-0.170215608071649,0.0336883069404581
0.994175424682032,0.0261842600151863,-0.102708197885205,0.0195098839804685
0.999024114784024,0.0202521888151706,-0.0391303986020198,0.00307877141703648
0.983587022753835,-0.00615281663512256,0.175573290472425,-0.0411428145657011
0.969096768473826,-0.00125480626182751,0.241046675425363,-0.0524059067397191
0.95611618043461,0.00494075177211586,0.286827679465162,-0.0595593886443524
0.934075775115599,0.0176383627642493,0.350404400160434,-0.0663934548686607
0.899747939905026,0.0111265760921015,0.426309080803804,-0.0926844731621422
0.863335356083751,0.00228572878293481,0.494250088464144,-0.101802202495132
0.754983536526456,0.000837943579476067,0.642555035155639,-0.130851764301052
0.68281127826256,0.00415934380031534,0.710095857057087,-0.171800267540424
0.727794848109609,0.00312189999802831,-0.667433226230366,0.157600131120627
0.751350599299896,0.0145131448245116,-0.646949441356214,0.129298359958172
0.962984139272021,0.00837743258713213,-0.264558418142941,0.0509922496412747
0.978597387536326,0.01858051216865,-0.200059586660571,0.0444756052216273
0.886836747404666,0.0064838688219039,-0.451173265434869,0.0996053585639403
0.937245802221097,0.012697427218023,-0.340577060978715,0.0735958361327264
0.975425984676801,0.0258690893682677,-0.214884913994057,0.0412239295836379
0.983587022753835,0.00615281663512256,-0.175573290472425,0.0411428145657011
0.99767774937634,0.00640877948295686,0.0666008889934313,-0.0127419594327151
0.993225227962613,0.0123735404768899,0.113459018713121,-0.0218539037093776
0.98289873555774,0.0261627534746221,0.179429721856028,-0.0321023501365528
0.963472206294296,0.0174017913765556,0.260702238812633,-0.0587607695096719
0.94021500709262,0.012453693776799,0.33344706094946,-0.0682180584105556
0.861556379975767,0.0155598399351604,0.496748211182053,-0.103536033300852
0.807073263805319,0.00855972744637753,0.571772520645623,-0.147090660992549
0.898561655710649,0.0136069944350455,-0.429069680251229,0.0911098791464999
0.961774774229795,0.0104842773451893,-0.268255900379863,0.0540197694845621
0.85371951838483,0.00221432109594294,-0.50942100376826,0.107927390548444
0.91161925883974,0.00718913805861511,-0.40263997740421,0.0823388839030155
0.937638390101456,0.0260023417992626,-0.34051145777084,0.0648850888546908
0.958506677448617,0.0193912938367761,-0.279910065059807,0.0503912937714879
0.969096768473826,0.00125480626182751,-0.241046675425363,0.0524059067397191
0.99767774937634,-0.00640877948295686,-0.0666008889934313,0.0127419594327151
0.998854450051998,0.0042703750804364,0.0467254199179704,-0.00939609714095336
0.99316479370496,0.0199344904252315,0.113232168934195,-0.0201192583095982
0.979466574513812,0.00777234920952742,0.196216889416187,-0.0456481358412403
0.961115995877369,0.000613351167423287,0.270805266641207,-0.0540386327397691
0.893943815983292,0.0100274103875593,0.438871910020919,-0.0903069847837962
0.844950467449485,0.000581691450903949,0.517978579154254,-0.133253745648269
0.866858417759406,0.0078912995613053,-0.488709832128725,0.0982695829420585
0.949324612154033,0.00994753340851145,-0.308054334185566,0.0615333610911123
0.827318850069646,-0.00212878021950066,-0.550305757478326,0.112705642717751
0.890916789270571,0.00413364118565856,-0.44531440315248,0.0891362437581686
0.920084498678977,0.0219723097905725,-0.384602258687317,0.0710129249203005
0.943976951973482,0.0149625211492114,-0.324667060792985,0.0572270630013361
0.95611618043461,-0.00494075177211586,-0.286827679465162,0.0595593886443524
0.993225227962613,-0.0123735404768899,-0.113459018713121,0.0218539037093776
0.998854450051998,-0.0042703750804364,-0.0467254199179704,0.00939609714095336
0.997634969559195,0.0136023634639922,0.066440665511626,-0.0111839700996735
0.987952448703478,0.00515708777047223,0.150391880027555,-0.0361337234215853
0.973187313570436,-0.00323243311173719,0.225768984851941,-0.0438676368255653
0.914117705525153,0.00889271330737032,0.397099551446228,-0.0813737447624651
0.868201219565698,-0.00521715893582904,0.48084503292355,-0.122423355247371
0.814538836399427,0.0203733996230724,0.561100855077886,-0.1458671965033
0.839379327662147,0.0235525088488306,-0.530325741941138,0.116799961707824
0.925787429228697,-0.00199650858597807,-0.371961527265918,0.0675149766317946
0.858189726797248,-0.0060984004669094,-0.504797412572153,0.0930202912910395
0.891794841328258,0.0112298730298099,-0.446040140577236,0.0749936259016839
0.919785153599595,0.00304375707594266,-0.38740233101627,0.0624935251349552
0.934075775115599,-0.0176383627642493,-0.350404400160434,0.0663934548686607
0.98289873555774,-0.0261627534746221,-0.179429721856028,0.0321023501365528
0.99316479370496,-0.0199344904252315,-0.113232168934195,0.0201192583095982
0.997634969559195,-0.0136023634639922,-0.066440665511626,0.0111839700996735
0.996072665802561,-0.00880781102528543,0.0849547842966104,-0.0233313422468426
0.986316307723317,-0.0155691580673874,0.1613802240322,-0.0299026040242585
0.938996786854771,-0.00807809811848758,0.33772698577308,-0.0645000906033033
0.899548529488806,-0.0188538315273566,0.423275411012924,-0.106277479096487
0.846563566353563,0.00618651169207267,0.516608957704211,-0.128089968442453
0.800498620718564,0.0154428850404977,-0.587383284616213,0.118086207843137
0.888962323162621,0.00467268619372079,-0.448475272546869,0.092704282075111
0.8100084512566,-0.000577756879645557,-0.574350114587943,0.118355063105426
0.848396095404918,0.0163873568541989,-0.519783218910708,0.0988985600291834
0.881866981456327,0.00598662828200942,-0.463450480778515,0.0865357681255741
0.899747939905026,-0.0111265760921015,-0.426309080803804,0.0926844731621422
0.963472206294296,-0.0174017913765556,-0.260702238812633,0.0587607695096719
0.979466574513812,-0.00777234920952742,-0.196216889416187,0.0456481358412403
0.987952448703478,-0.00515708777047223,-0.150391880027555,0.0361337234215853
0.996072665802561,0.00880781102528543,-0.0849547842966104,0.0233313422468426
0.996984652693434,-0.00483175090004039,0.0771170378225209,-0.00715674188953631
0.965668941728137,6.91942365839077e-06,0.256162447455924,-0.0431774877357686
0.934297924153866,-0.0105365491436348,0.345739865664796,-0.086257262558054
0.890760415274487,0.0148816619378706,0.440305294762774,-0.111604955633057
0.864344342335886,0.0216773494185496,0.485948788839913,-0.127642959144451
0.748684827418797,-0.0016707238258234,-0.649930894955112,0.130606545232735
0.850684810424927,0.0127300361819126,-0.515810246502574,0.100563855803503
0.762719047810539,0.00775281138686469,-0.63420556734717,0.126423282540988
0.805201417086001,0.0241846424026214,-0.582973012883118,0.105869009840142
0.842913029310944,0.011620474874872,-0.529644524194812,0.0940173790954728
0.863335356083751,-0.00228572878293481,-0.494250088464144,0.101802202495132
0.94021500709262,-0.012453693776799,-0.33344706094946,0.0682180584105556
0.961115995877369,-0.000613351167423287,-0.270805266641207,0.0540386327397691
0.973187313570436,0.00323243311173719,-0.225768984851941,0.0438676368255653
0.986316307723317,0.0155691580673874,-0.1613802240322,0.0299026040242585
0.996984652693434,0.00483175090004039,-0.0771170378225209,0.00715674188953631
0.982818765916803,0.00289354314166202,0.180775617810187,-0.0371359229750032
0.958358423328516,-0.0202120300798209,0.275728159801102,-0.0715163489562511
0.901507860881839,-0.00304867383394487,0.422374337505581,-0.0942029796387877
0.85531340122595,-0.0146435809520109,0.504210664561194,-0.118305354751837
0.693299337494593,0.0184004599193913,-0.706091837646231,0.14293973734998
0.737681397133581,0.0134192764382048,-0.663075147274124,0.126401852875349
0.628804378586372,0.00986797845308497,-0.762945295621623,0.149740283025947
0.682228646961799,0.0215834684467161,-0.719505744085106,0.128100395717655
0.729022237943723,0.00509928584779655,-0.673848738959685,0.120118486794542
0.754983536526456,-0.000837943579476067,-0.642555035155639,0.130851764301052
0.861556379975767,-0.0155598399351604,-0.496748211182053,0.103536033300852
0.893943815983292,-0.0100274103875593,-0.438871910020919,0.0903069847837962
0.914117705525153,-0.00889271330737032,-0.397099551446228,0.0813737447624651
0.938996786854771,0.00807809811848758,-0.33772698577308,0.0645000906033033
0.965668941728137,-6.91942365839077e-06,-0.256162447455924,0.0431774877357686
0.982818765916803,-0.00289354314166202,-0.180775617810187,0.0371359229750032
0.994325400426018,-0.0261183178876978,0.0988803547517528,-0.0292832201529212
0.976974782766507,-0.00880446165335623,0.207197735740858,-0.0501183957962753
0.96206389036554,-0.00828839221757431,0.266468182126309,-0.0579575821051015
0.93841519966767,-0.0210293551133855,0.335740864282019,-0.0788210080331676
0.849837381111024,0.00329897389701817,0.51502015527158,-0.111891832148827
0.662179897262646,0.0166133980898664,-0.731141483484677,0.16332149213427
0.546372767069621,0.0151943910024759,-0.816424197815634,0.186272539865243
0.603517997321436,0.0183893563868725,-0.779974329475555,0.164523262306455
0.655178006672616,0.00375631968124236,-0.73842402192699,0.159554484349762
0.68281127826256,-0.00415934380031534,-0.710095857057087,0.171800267540424
0.807073263805319,-0.00855972744637753,-0.571772520645623,0.147090660992549
0.844950467449485,-0.000581691450903949,-0.517978579154254,0.133253745648269
0.868201219565698,0.00521715893582904,-0.48084503292355,0.122423355247371
0.899548529488806,0.0188538315273566,-0.423275411012924,0.106277479096487
0.934297924153866,0.0105365491436348,-0.345739865664796,0.086257262558054
0.958358423328516,0.0202120300798209,-0.275728159801102,0.0715163489562511
0.994325400426018,0.0261183178876978,-0.0988803547517528,0.0292832201529212
0.993527728264021,0.0178956542492796,0.109155923392386,-0.025833759267287
0.985058586596123,0.019119668659555,0.167429695776947,-0.0355150139467308
0.969530407119272,0.00574782802679534,0.238074069002671,-0.0574324804672895
0.899039223732476,0.0295802959466653,0.425233249264477,-0.100150706448777
0.814538836399427,-0.0203733996230724,-0.561100855077886,0.1458671965033
0.846563566353563,-0.00618651169207267,-0.516608957704211,0.128089968442453
0.890760415274487,-0.0148816619378706,-0.440305294762774,0.111604955633057
0.976974782766507,0.00880446165335623,-0.207197735740858,0.0501183957962753
0.993527728264021,-0.0178956542492796,-0.109155923392386,0.025833759267287
0.998169012383339,0.00176141437296112,0.0597889691161595,-0.0089888435910149
0.990753533291317,-0.0115965743294092,0.13213815214201,-0.0285037626128513
0.942920413193282,0.0133916271124266,0.324879461192956,-0.0719381289836377
0.884034818455191,0.0184438516991422,0.457916637599141,-0.0919489918557812
0.864344342335886,-0.0216773494185496,-0.485948788839913,0.127642959144451
0.901507860881839,0.00304867383394487,-0.422374337505581,0.0942029796387877
0.96206389036554,0.00828839221757431,-0.266468182126309,0.0579575821051015
0.985058586596123,-0.019119668659555,-0.167429695776947,0.0355150139467308
0.998169012383339,-0.00176141437296112,-0.0597889691161595,0.0089888435910149
0.997102926483067,-0.0137311642266307,0.0724540335650157,-0.0186446278601642
0.961303469970121,0.010330245679991,0.267874792467801,-0.0634981905878241
0.911496396598833,0.0146289857458045,0.402567124368564,-0.0830663719023305
0.85531340122595,0.0146435809520109,-0.504210664561194,0.118305354751837
0.93841519966767,0.0210293551133855,-0.335740864282019,0.0788210080331676
0.969530407119272,-0.00574782802679534,-0.238074069002671,0.0574324804672895
0.990753533291317,0.0115965743294092,-0.13213815214201,0.0285037626128513
0.997102926483067,0.0137311642266307,-0.0724540335650157,0.0186446278601642
0.978934332033173,0.0242023300898022,0.196441116734748,-0.0501269233146661
0.939596258649247,0.0288326070575202,0.33321507445576,-0.0727685760342023
0.849837381111024,-0.00329897389701817,-0.51502015527158,0.111891832148827
0.899039223732476,-0.0295802959466653,-0.425233249264477,0.100150706448777
0.942920413193282,-0.0133916271124266,-0.324879461192956,0.0719381289836377
0.961303469970121,-0.010330245679991,-0.267874792467801,0.0634981905878241
0.978934332033173,-0.0242023300898022,-0.196441116734748,0.0501269233146661
0.989569602233383,0.00805156549394387,0.142152795840919,-0.0219033619193862
0.884034818455191,-0.0184438516991422,-0.457916637599141,0.0919489918557812
0.911496396598833,-0.0146289857458045,-0.402567124368564,0.0830663719023305
0.939596258649247,-0.0288326070575202,-0.33321507445576,0.0727685760342023
0.989569602233383,-0.00805156549394387,-0.142152795840919,0.0219033619193862
0.984051156902882,-0.0101621694387094,0.172989384949134,-0.0401836235961664
0.967478492827001,-0.0335480480079076,0.244914100730749,-0.0536374650342588
0.957243732605009,-0.0267030650896583,0.283257676847703,-0.0523112914205826
0.89560049888645,-0.00831615369130145,0.436184826153315,-0.087025199889035
0.984051156902882,0.0101621694387094,-0.172989384949134,0.0401836235961664
0.996672195559957,-0.0188606259829067,0.0786956980838216,-0.00978767021963499
0.992219550091338,-0.0102042658119608,0.123698076315687,-0.00974798910438762
0.959033425894799,0.00940800638697675,0.278579238645383,-0.0505962965844942
0.91894306953373,0.00371888394868209,0.38589983117403,-0.0813088258306425
0.745646608223209,-0.00841716714948407,0.653784717387187,-0.128475018012679
0.967478492827001,0.0335480480079076,-0.244914100730749,0.0536374650342588
0.996672195559957,0.0188606259829067,-0.0786956980838216,0.00978767021963499
0.998959182426664,0.00930909860502443,0.0446307381587359,-0.00141058144681546
0.97826455488591,0.0277638618739081,0.200172438473982,-0.0464609890456382
0.947478298383835,0.0196667319398167,0.309218011711377,-0.0792610558833477
0.882224236610913,0.000167538494089555,0.456527801311137,-0.115163947905426
0.957243732605009,0.0267030650896583,-0.283257676847703,0.0523112914205826
0.992219550091338,0.0102042658119608,-0.123698076315687,0.00974798910438762
0.998959182426664,-0.00930909860502443,-0.0446307381587359,0.00141058144681546
0.986665399522376,0.0168403125084103,0.155705708204209,-0.0443116879908027
0.960234972551632,0.00789044507396002,0.268612224513238,-0.0757232540726495
0.901030322087622,-0.0120789999641995,0.419564905774838,-0.109378911498935
0.857118421498784,-0.0195044631384663,0.499774658683078,-0.123259393083551
0.89560049888645,0.00831615369130145,-0.436184826153315,0.087025199889035
0.959033425894799,-0.00940800638697675,-0.278579238645383,0.0505962965844942
0.97826455488591,-0.0277638618739081,-0.200172438473982,0.0464609890456382
0.986665399522376,-0.0168403125084103,-0.155705708204209,0.0443116879908027
0.993317557774179,-0.0084019786314207,0.111446602718503,-0.0287974116045612
0.960329257808571,-0.024870111465613,0.27136638468847,-0.0592408593256038
0.927619050975472,-0.0295939523249709,0.365195130543887,-0.0726609309063993
0.901398674968735,-0.0061321814724754,0.42413962867823,-0.0868815314073758
0.91894306953373,-0.00371888394868209,-0.38589983117403,0.0813088258306425
0.947478298383835,-0.0196667319398167,-0.309218011711377,0.0792610558833477
0.960234972551632,-0.00789044507396002,-0.268612224513238,0.0757232540726495
0.993317557774179,0.0084019786314207,-0.111446602718503,0.0287974116045612
0.98594157559743,-0.0148543136734284,0.163536275868402,-0.0308940989323492
0.966015624847178,-0.0195917663058218,0.253801793744755,-0.0448845712475848
0.943360149056979,0.00513797590606498,0.325583032963738,-0.0635682233581894
0.911353533301612,0.0438542048639601,0.400217765057687,-0.0856579627743268
0.882224236610913,-0.000167538494089555,-0.456527801311137,0.115163947905426
0.901030322087622,0.0120789999641995,-0.419564905774838,0.109378911498935
0.960329257808571,0.024870111465613,-0.27136638468847,0.0592408593256038
0.98594157559743,0.0148543136734284,-0.163536275868402,0.0308940989323492
0.995658208938635,-0.00434199815063892,0.0917502115400207,-0.0150922731068348
0.985004517095378,0.00890751787065682,0.169456074032007,-0.0311672328053819
0.964444358545976,0.055237837994958,0.249272371196183,-0.0682579334635641
0.899209192250223,0.0381323240349441,0.423126663216853,-0.104558984842848
0.857118421498784,0.0195044631384663,-0.499774658683078,0.123259393083551
0.927619050975472,0.0295939523249709,-0.365195130543887,0.0726609309063993
0.966015624847178,0.0195917663058218,-0.253801793744755,0.0448845712475848
0.995658208938635,0.00434199815063892,-0.0917502115400207,0.0150922731068348
0.996710985957724,0.0128000223674046,0.0780455793849426,-0.0176708074813661
0.986032034712251,0.033642445895893,0.159464354186184,-0.0343530508011065
0.929913626723176,0.0142332802556263,0.35665675526036,-0.0886229061522295
0.874549127827139,-0.00731016437056464,0.472389701389989,-0.109354261619484
0.80678150622011,0.00263088981503073,0.577221582513163,-0.126142476275808
0.770334057739892,0.0201585845505183,0.62515886084986,-0.123917188702042
0.716830409950591,0.0260083991937762,0.682402833271552,-0.140727039634899
0.727794848109609,-0.00312189999802831,0.667433226230366,-0.157600131120627
0.745646608223209,0.00841716714948407,-0.653784717387187,0.128475018012679
0.901398674968735,0.0061321814724754,-0.42413962867823,0.0868815314073758
0.943360149056979,-0.00513797590606498,-0.325583032963738,0.0635682233581894
0.985004517095378,-0.00890751787065682,-0.169456074032007,0.0311672328053819
0.996710985957724,-0.0128000223674046,-0.0780455793849426,0.0176708074813661
0.996268243320367,0.0210020072197485,0.0818846691367165,-0.0174184960447594
0.859284539404535,-0.00512333952717762,0.498989416846927,-0.112309365625445
0.797153394628388,0.00255553426246556,0.591727075317113,-0.119995845818623
0.959066270144502,0.00533457483950787,0.275783664180779,-0.0640843378168079
0.911575158924737,-0.0236438831072709,0.401929264243696,-0.0832139589700677
0.856100563572868,-0.00637211543336482,0.507026271704073,-0.0998778303578361
0.813924346782172,0.00944621974691883,0.572453816747303,-0.0986638451468071
0.77684023727414,0.00415205081453346,0.619206727238043,-0.114389838574248
0.751350599299896,-0.0145131448245116,0.646949441356214,-0.129298359958172
0.911353533301612,-0.0438542048639601,-0.400217765057687,0.0856579627743268
0.964444358545976,-0.055237837994958,-0.249272371196183,0.0682579334635641
0.986032034712251,-0.033642445895893,-0.159464354186184,0.0343530508011065
0.996268243320367,-0.0210020072197485,-0.0818846691367165,0.0174184960447594
0.902243472473052,-0.00838604152496568,0.422716817009358,-0.0848344464518216
0.96926212347525,0.00326437576518767,0.24221629861136,-0.0430295774337398
0.987333360721812,0.00938549428341467,-0.157240862669049,0.0189752051351587
0.999620402313881,-0.00738745134799824,-0.0257282426088249,0.00652183813640089
0.995158499225349,-0.00129123886802008,0.096747955565545,-0.0172547737053572
0.985793567035199,0.0168883360624997,0.165081013561188,-0.0259631711982371
0.972738353231784,0.0123722055662161,0.22756239719042,-0.0429229550042088
0.962984139272021,-0.00837743258713213,0.264558418142941,-0.0509922496412747
0.898561655710649,-0.0136069944350455,0.429069680251229,-0.0911098791464999
0.866858417759406,-0.0078912995613053,0.488709832128725,-0.0982695829420585
0.839379327662147,-0.0235525088488306,0.530325741941138,-0.116799961707824
0.800498620718564,-0.0154428850404977,0.587383284616213,-0.118086207843137
0.748684827418797,0.0016707238258234,0.649930894955112,-0.130606545232735
0.693299337494593,-0.0184004599193913,0.706091837646231,-0.14293973734998
0.859284539404535,0.00512333952717762,-0.498989416846927,0.112309365625445
0.902243472473052,0.00838604152496568,-0.422716817009358,0.0848344464518216
