0.999925625115251,0.00870295537427194,0.00579264936388739,0.00628076579532826
0.99159254260085,0.0232782781580263,0.124754051719376,-0.0252740539680191
0.98477340108578,-0.00465807147446175,0.171104674591717,-0.0303783017455944
0.979630912942388,0.00631346504890461,0.197515594017868,-0.0356511526673049
0.993118418695429,-0.0144302509675563,0.111319883848426,-0.0333984694990112
0.97586540568404,-0.00102177049790129,0.214820552554693,-0.0392147443478805
0.944613886706685,-0.0204504265434098,0.322774409635788,-0.0557051665409234
0.999925625115251,-0.00870295537427194,-0.00579264936388739,-0.00628076579532826
0.992282298115291,0.0137214641656968,0.119392333708753,-0.0305455875661992
0.985456513467569,-0.0146280060261641,0.165613409368215,-0.0351237831316287
0.980508562948346,-0.00391139221085055,0.192270732750957,-0.0402445564437201
0.970306323900085,-0.0319474987491102,0.23468873027669,-0.0490529816045253
0.993344404623498,-0.0239257808354781,0.105836625720268,-0.0386401277268625
0.976623523872017,-0.0111918754559616,0.210204585775887,-0.0435346604715044
0.945868691510346,-0.0308637156011141,0.317709855327679,-0.0586540476647997
0.943822992830226,-0.0345124811479285,0.322120937294475,-0.0651548049382257
0.99159254260085,-0.0232782781580263,-0.124754051719376,0.0252740539680191
0.992282298115291,-0.0137214641656968,-0.119392333708753,0.0305455875661992
0.998500610136864,-0.0271119364885239,0.0475497211462355,-0.000706027668590384
0.99707011630759,-0.0160718129715062,0.0744760842103158,-0.00679653403400677
0.991827544367994,-0.0437243665750924,0.119248234851799,-0.0120896850782593
0.982920134390431,-0.0585270385066434,0.172211040229157,-0.0280348496826671
0.999164030924931,-0.0388078386014286,-0.0123222032662083,-0.00365435022876608
0.995409704119894,-0.0230651432839561,0.0924422620741344,-0.00905252958304127
0.977855972236107,-0.0407827594636255,0.20416640275913,-0.0212260235820934
0.976557511009962,-0.04476146269027,0.208790573754849,-0.0271723289207435
0.969818053117959,-0.0687185656681729,0.232013827665771,-0.0300047721351022
0.960307385182009,-0.0733579788833645,0.266021475133961,-0.0407542349528532
0.98477340108578,0.00465807147446175,-0.171104674591717,0.0303783017455944
0.985456513467569,0.0146280060261641,-0.165613409368215,0.0351237831316287
0.998500610136864,0.0271119364885239,-0.0475497211462355,0.000706027668590384
0.999562036460256,0.0106289800986784,0.0266225901794923,-0.00734831556359047
0.997193319730103,-0.0175364087766438,0.0716892927552706,-0.0125937586575444
0.991306157961923,-0.0330567646664975,0.123967906493921,-0.0291772112455914
0.98240185699616,-0.0424463634541498,0.177894158683132,-0.0379284313732468
0.964486941578244,-0.0440575340807566,0.255248433100397,-0.051692461883337
0.998122014407089,-0.0118680421059794,-0.0600917539949456,-0.00075831017139227
0.998927039397312,0.00359063052173943,0.0451356080014015,-0.00972904022608318
0.987221616338713,-0.0149782451701222,0.156809349251763,-0.0240823668363615
0.986313833635683,-0.0194476991680416,0.16096182099754,-0.0299683292345104
0.981558059331821,-0.043878417230625,0.183237429552131,-0.0322878471442663
0.973479159555291,-0.0494434530380569,0.219051469095437,-0.0437049739769707
0.921885667999769,-0.0435744965799785,0.379093034831253,-0.0672052775223126
0.898749465792412,-0.0605241563812508,0.426864099117771,-0.0798327321126211
0.979630912942388,-0.00631346504890461,-0.197515594017868,0.0356511526673049
0.980508562948346,0.00391139221085055,-0.192270732750957,0.0402445564437201
0.99707011630759,0.0160718129715062,-0.0744760842103158,0.00679653403400677
0.999562036460256,-0.0106289800986784,-0.0266225901794923,0.00734831556359047
0.998565385574908,-0.0279659476848805,0.0454836933241454,-0.00403858184483952
0.993941149483584,-0.043629200134539,0.0989502791080809,-0.0196551907470877
0.986699006391178,-0.0525173373178821,0.151348878703101,-0.0275774723826705
0.97062539959243,-0.053761132156989,0.230939925873611,-0.0407777509522767
0.958282160417094,-0.056239658387096,0.276196775506171,-0.0474103686005857
0.995975600994471,-0.0228682032696836,-0.0864267796806153,0.0063292382604365
0.999798186167333,-0.00700185966045277,0.0187238802157674,-0.00199429372750278
0.990971810457639,-0.0250194502186302,0.130888676780898,-0.0147326942414498
0.990135374159246,-0.0294807554249924,0.135441781492475,-0.020453599298092
0.985797737812994,-0.0536598204679745,0.157619844036022,-0.0218958570553578
0.978643947348336,-0.0591391872338853,0.194109297854585,-0.0328658080409189
0.93107150584022,-0.0528911273063787,0.356746464606874,-0.055139275069427
0.909580428913269,-0.0689710390643398,0.404237783754965,-0.0670690188776652
0.875350751230993,-0.0340118285627684,0.47622903769709,-0.0762244153225058
0.970306323900085,0.0319474987491102,-0.23468873027669,0.0490529816045253
0.991827544367994,0.0437243665750924,-0.119248234851799,0.0120896850782593
0.997193319730103,0.0175364087766438,-0.0716892927552706,0.0125937586575444
0.998565385574908,0.0279659476848805,-0.0454836933241454,0.00403858184483952
0.99832485564283,-0.0161826264606971,0.0530792209032674,-0.0163768591267947
0.993813971575218,-0.0255123037282598,0.105070059868999,-0.0253612850521002
0.98164760845612,-0.0271145013561174,0.184340016863388,-0.0406390798542017
0.97124576928011,-0.0301971549769111,0.2310999520503,-0.04860658030695
0.946267443815439,0.00103272981942309,0.318931397545896,-0.0534754327101459
0.991252725118749,0.0048635156172184,-0.131154125609967,0.0138915980354662
0.99941842011649,0.0211158877998925,-0.026708111848609,0.00190199257735479
0.996267235708126,0.00262963295926713,0.0852683462911967,-0.0131904967970624
0.995805254828558,-0.00211565663260225,0.0895088841316259,-0.0188567790026374
0.993101291609577,-0.0263801573999697,0.112518041290883,-0.0198394123654483
0.987923620408997,-0.0322690631643225,0.148220335989174,-0.0315651675068297
0.947691885495902,-0.0283852978977704,0.312420362074573,-0.0588887288848247
0.929025957212611,-0.0445261011710759,0.360312005447666,-0.0714384761174052
0.896948349217899,-0.0115605982527796,0.433862433223113,-0.084340977235525
0.982920134390431,0.0585270385066434,-0.172211040229157,0.0280348496826671
0.991306157961923,0.0330567646664975,-0.123967906493921,0.0291772112455914
0.993941149483584,0.043629200134539,-0.0989502791080809,0.0196551907470877
0.99832485564283,0.0161826264606971,-0.0530792209032674,0.0163768591267947
0.998553756897249,-0.00922536232833862,0.0521206750315485,-0.00941926273948443
0.990862302783209,-0.010450466043421,0.131925974783418,-0.0260426930265682
0.983169608396925,-0.0131635658007943,0.178881165649756,-0.0347242024505999
0.962495618796509,0.0181684468031037,0.267231701756265,-0.0431197044834445
0.995889268814494,0.03670238216508,-0.0809279283824157,0.0175547660557531
0.999299556901586,0.019485756529323,0.0319058878405662,0.00164778332251241
0.999224463736751,0.0143360927329232,0.0364684700126866,-0.00387275226274492
0.999263380723513,-0.0125110422919694,0.0357511220843968,-0.00616660648088081
0.99516088296605,-0.0156625746685538,0.0956681210574581,-0.0160346930846851
0.964089787305938,-0.0109341612214119,0.26119356909656,-0.0467893747914636
0.948453887209585,-0.0275249398800682,0.310050949749427,-0.0595483843702279
0.919912067351768,0.00568215670771892,0.384662224773636,-0.0759241349502319
0.98240185699616,0.0424463634541498,-0.177894158683132,0.0379284313732468
0.986699006391178,0.0525173373178821,-0.151348878703101,0.0275774723826705
0.993813971575218,0.0255123037282598,-0.105070059868999,0.0253612850521002
0.998553756897249,0.00922536232833862,-0.0521206750315485,0.00941926273948443
0.996640699440674,-0.00160891298801899,0.0800237522272724,-0.0173472388831557
0.991508695512905,-0.00432687364671328,0.127258680111052,-0.026401007994697
0.975284880917187,0.0271556375330416,0.21606727947165,-0.0373751675078761
0.929286763502452,0.0332563037871398,0.361992018784967,-0.0654362878954726
0.989794555810458,0.0459365998429685,-0.132408779684252,0.0257775317936244
0.999322367426374,0.0294109807854738,-0.0197727528003605,0.009941751217953
0.999571996616639,0.0238405746472218,-0.0163521778299808,0.00447848864384254
0.999954589704617,3.09851881743603e-05,0.00784512148788077,0.00541032692437725
0.999003159787583,-0.00636199802531313,0.043676527168457,-0.00667627815876749
0.976924211492072,-0.00202924562856574,0.209892933604333,-0.0394958679577826
0.964085504554399,-0.0189682700292287,0.259771126551354,-0.0519452254825121
0.939348216644725,0.0135703193708109,0.33527640927237,-0.0709260439047264
0.926548595635508,0.0285690579405937,0.368682182408502,-0.069028669614583
0.964486941578244,0.0440575340807566,-0.255248433100397,0.051692461883337
0.97062539959243,0.053761132156989,-0.230939925873611,0.0407777509522767
0.98164760845612,0.0271145013561174,-0.184340016863388,0.0406390798542017
0.990862302783209,0.010450466043421,-0.131925974783418,0.0260426930265682
0.996640699440674,0.00160891298801899,-0.0800237522272724,0.0173472388831557
0.998831112948763,-0.00275010980711363,0.0474177013519317,-0.00896695600986345
0.989904085903037,0.0294179700047041,0.136758988341313,-0.0228355613273721
0.955737656090421,0.035034198298589,0.287354041672884,-0.052590801616085
0.975464035838857,0.0470946729928155,-0.211435158129726,0.0393342149702616
0.994091605533957,0.0310051278572206,-0.101031739586903,0.0247618547269956
0.994813693145518,0.0251332558186267,-0.0965254760120985,0.0199215426804114
0.997119441417463,0.00213871403048048,-0.0723410231314397,0.0226940922250381
0.999266055895403,-0.00461015772410391,-0.0363734974946166,0.0110934512670096
0.9911150690632,-0.000169704785758807,0.131079852766502,-0.0225602144237759
0.982582522087213,-0.0171862307724231,0.18190015461968,-0.0338903306255051
0.964322273109487,0.0149568086474427,0.258323337774178,-0.0559276373651166
0.954318272332283,0.0301619167159504,0.292089020870437,-0.0552349324222907
0.958282160417094,0.056239658387096,-0.276196775506171,0.0474103686005857
0.97124576928011,0.0301971549769111,-0.2310999520503,0.04860658030695
0.983169608396925,0.0131635658007943,-0.178881165649756,0.0347242024505999
0.991508695512905,0.00432687364671328,-0.127258680111052,0.026401007994697
0.998831112948763,0.00275010980711363,-0.0474177013519317,0.00896695600986345
0.995360968312816,0.0321735548097887,0.0893074153685772,-0.0156713333976197
0.968655231351359,0.0375895176108945,0.24113870034016,-0.0463270778237115
0.939563094414522,0.0286508422780882,0.332520302262597,-0.0763581654713825
0.988831687520776,0.0279834255482056,-0.143708326290939,0.0278700305715593
0.992298570470408,0.00524940847133047,-0.119632144231749,0.0316881810711881
0.996269831646569,-0.00185515636461683,-0.0838406590878294,0.0203402268792219
0.996376587559617,0.00250833289964532,0.0838573307269133,-0.0139768420065014
0.975992531443761,0.0171695785295094,0.211622467727069,-0.0485769008091626
0.967631371960813,0.032672663392512,0.245440177631654,-0.0487969698671559
0.946267443815439,-0.00103272981942309,-0.318931397545896,0.0534754327101459
0.962495618796509,-0.0181684468031037,-0.267231701756265,0.0431197044834445
0.975284880917187,-0.0271556375330416,-0.21606727947165,0.0373751675078761
0.989904085903037,-0.0294179700047041,-0.136758988341313,0.0228355613273721
0.995360968312816,-0.0321735548097887,-0.0893074153685772,0.0156713333976197
0.98766050542986,0.00581320856622904,0.154240709131489,-0.0265091732578658
0.967215890396492,-0.00405728999017981,0.248369916928158,-0.0528142417114698
0.971679424381431,-0.00882661993802706,-0.233266981527617,0.0367110656782782
0.976635400596358,-0.0256763199073754,-0.209020728649893,0.0428293811848123
0.983751944506907,-0.0335043562713418,-0.173174412869581,0.0334692772105858
0.999541515877867,-0.029487368117416,-0.00543165971602669,0.00421310227901825
0.997825414810011,-0.0461861482460679,0.0468944010058043,-0.00349233785988974
0.991636164535587,-0.0154023266245512,0.125094792186561,-0.0277809014882786
0.986891890592472,0.000858310289854033,0.158849988798944,-0.0284664828322312
0.971067024207072,-0.000215014310931589,0.233982201184162,-0.0477610489361691
0.929286763502452,-0.0332563037871398,-0.361992018784967,0.0654362878954726
0.955737656090421,-0.035034198298589,-0.287354041672884,0.052590801616085
0.968655231351359,-0.0375895176108945,-0.24113870034016,0.0463270778237115
0.98766050542986,-0.00581320856622904,-0.154240709131489,0.0265091732578658
0.99492383065073,-0.0111860533194989,0.0969674221752163,-0.0244696230274199
0.975664709125312,0.0132985777938044,0.216639499584554,-0.0311263620719824
0.986099103061252,-0.034257268106751,-0.158734916292562,0.0351884195901243
0.992552836397221,-0.0506886063982533,-0.106495750345538,0.0304661664732507
0.999339427023459,-0.0218588605287136,-0.0289645061484647,0.00198927031513457
0.999973970959802,-0.00510440251674962,0.00497873748167739,-0.00110211202704317
0.996400644655967,-0.0069822872624258,0.0820490617131362,-0.0201234804582416
0.939563094414522,-0.0286508422780882,-0.332520302262597,0.0763581654713825
0.967215890396492,0.00405728999017981,-0.248369916928158,0.0528142417114698
0.99492383065073,0.0111860533194989,-0.0969674221752163,0.0244696230274199
0.992455392461262,0.0261746747581823,0.119320069770408,-0.0104833833207754
0.995464598145805,0.00607119386052523,-0.0919082531631859,0.0237959543622745
0.999867480821469,0.00417360009919453,-0.0151671502612839,0.0041903950759413
0.975664709125312,-0.0132985777938044,-0.216639499584554,0.0311263620719824
0.992455392461262,-0.0261746747581823,-0.119320069770408,0.0104833833207754
0.990576241823781,-0.0218656304034372,-0.134494208542905,0.0138532021479443
0.993118418695429,0.0144302509675563,-0.111319883848426,0.0333984694990112
0.993344404623498,0.0239257808354781,-0.105836625720268,0.0386401277268625
0.999164030924931,0.0388078386014286,0.0123222032662083,0.00365435022876608
0.998122014407089,0.0118680421059794,0.0600917539949456,0.00075831017139227
0.995975600994471,0.0228682032696836,0.0864267796806153,-0.0063292382604365
0.991252725118749,-0.0048635156172184,0.131154125609967,-0.0138915980354662
0.994326195476962,0.0159214134369649,0.104762155479085,-0.00931752981514986
0.976134185804293,-0.00192044802213004,0.215584956012978,-0.0261053619868881
0.975042180814933,-0.00587856629910611,0.219581204048267,-0.0322844067413412
0.97586540568404,0.00102177049790129,-0.214820552554693,0.0392147443478805
0.976623523872017,0.0111918754559616,-0.210204585775887,0.0435346604715044
0.995409704119894,0.0230651432839561,-0.0924422620741344,0.00905252958304127
0.998927039397312,-0.00359063052173943,-0.0451356080014015,0.00972904022608318
0.999798186167333,0.00700185966045277,-0.0187238802157674,0.00199429372750278
0.99941842011649,-0.0211158877998925,0.026708111848609,-0.00190199257735479
0.995889268814494,-0.03670238216508,0.0809279283824157,-0.0175547660557531
0.989794555810458,-0.0459365998429685,0.132408779684252,-0.0257775317936244
0.975464035838857,-0.0470946729928155,0.211435158129726,-0.0393342149702616
0.994326195476962,-0.0159214134369649,-0.104762155479085,0.00931752981514986
0.993414092273045,-0.018120338154873,0.112365169972045,-0.0131970904228463
0.992754891905359,-0.0227398807906439,0.116465215776418,-0.0188805702710259
0.988958391848159,-0.0467797876294629,0.139174968413579,-0.0200818034430561
0.982559680864137,-0.0523297756361898,0.175699247289476,-0.0311101691403888
0.93788278241745,-0.0471181667580859,0.339328765138452,-0.0548794493036606
0.916847928693696,-0.0632964461182956,0.38847066456479,-0.0668878040562152
0.884011400168656,-0.0298189963298374,0.460064176417608,-0.0773021694839282
0.944613886706685,0.0204504265434098,-0.322774409635788,0.0557051665409234
0.945868691510346,0.0308637156011141,-0.317709855327679,0.0586540476647997
0.977855972236107,0.0407827594636255,-0.20416640275913,0.0212260235820934
0.987221616338713,0.0149782451701222,-0.156809349251763,0.0240823668363615
0.990971810457639,0.0250194502186302,-0.130888676780898,0.0147326942414498
0.996267235708126,-0.00262963295926713,-0.0852683462911967,0.0131904967970624
0.999299556901586,-0.019485756529323,-0.0319058878405662,-0.00164778332251241
0.999322367426374,-0.0294109807854738,0.0197727528003605,-0.009941751217953
0.994091605533957,-0.0310051278572206,0.101031739586903,-0.0247618547269956
0.976134185804293,0.00192044802213004,-0.215584956012978,0.0261053619868881
0.993414092273045,0.018120338154873,-0.112365169972045,0.0131970904228463
0.999964001734825,-0.00512485242094337,0.00428962089985614,-0.00522783651939286
0.999162998904267,-0.0292043872734696,0.0283470007729207,-0.0041052322458835
0.997151799192599,-0.0357395273104253,0.0646350760804565,-0.0152735881397501
0.971569875632593,-0.0318080199467268,0.230632105557114,-0.0430006804205261
0.957036279347823,-0.0482159621248238,0.280741841549,-0.0542291380360066
0.931654742098064,-0.0154856367476873,0.356188886150783,-0.0700650694952368
0.943822992830226,0.0345124811479285,-0.322120937294475,0.0651548049382257
0.976557511009962,0.04476146269027,-0.208790573754849,0.0271723289207435
0.986313833635683,0.0194476991680416,-0.16096182099754,0.0299683292345104
0.990135374159246,0.0294807554249924,-0.135441781492475,0.020453599298092
0.995805254828558,0.00211565663260225,-0.0895088841316259,0.0188567790026374
0.999224463736751,-0.0143360927329232,-0.0364684700126866,0.00387275226274492
0.999571996616639,-0.0238405746472218,0.0163521778299808,-0.00447848864384254
0.994813693145518,-0.0251332558186267,0.0965254760120985,-0.0199215426804114
0.988831687520776,-0.0279834255482056,0.143708326290939,-0.0278700305715593
0.971679424381431,0.00882661993802706,0.233266981527617,-0.0367110656782782
0.975042180814933,0.00587856629910611,-0.219581204048267,0.0322844067413412
0.992754891905359,0.0227398807906439,-0.116465215776418,0.0188805702710259
0.999964001734825,0.00512485242094337,-0.00428962089985614,0.00522783651939286
0.999442260610993,-0.0237892057405893,0.0234106226357622,0.00108818326822072
0.997706599507058,-0.0302597723451867,0.0596729637797275,-0.0102481642952987
0.972861503574351,-0.0256574011724316,0.22665285383431,-0.0388674217937496
0.958857219301626,-0.042009115076116,0.276203788437362,-0.0503937942263194
0.933706381110044,-0.00913697779977711,0.351614525938198,-0.0669039211132535
0.920740440495706,0.00626387515987792,0.384816372423944,-0.0641417540938188
0.969818053117959,0.0687185656681729,-0.232013827665771,0.0300047721351022
0.981558059331821,0.043878417230625,-0.183237429552131,0.0322878471442663
0.985797737812994,0.0536598204679745,-0.157619844036022,0.0218958570553578
0.993101291609577,0.0263801573999697,-0.112518041290883,0.0198394123654483
0.999263380723513,0.0125110422919694,-0.0357511220843968,0.00616660648088081
0.999954589704617,-3.09851881743603e-05,-0.00784512148788077,-0.00541032692437725
0.997119441417463,-0.00213871403048048,0.0723410231314397,-0.0226940922250381
0.992298570470408,-0.00524940847133047,0.119632144231749,-0.0316881810711881
0.976635400596358,0.0256763199073754,0.209020728649893,-0.0428293811848123
0.988958391848159,0.0467797876294629,-0.139174968413579,0.0200818034430561
0.999162998904267,0.0292043872734696,-0.0283470007729207,0.0041052322458835
0.999442260610993,0.0237892057405893,-0.0234106226357622,-0.00108818326822072
0.999263166299435,-0.00672534870863721,0.035818156944738,-0.0120396758701303
0.978226815410946,-0.00360633258994142,0.202635135469636,-0.0447022801366234
0.965757379927469,-0.020675564774536,0.252264096902636,-0.0569914866517941
0.941556441293846,0.0112238254705603,0.327957646395195,-0.0760872904682402
0.929181449154118,0.0255263620552791,0.361201451656697,-0.0741872678373441
0.960307385182009,0.0733579788833645,-0.266021475133961,0.0407542349528532
0.973479159555291,0.0494434530380569,-0.219051469095437,0.0437049739769707
0.978643947348336,0.0591391872338853,-0.194109297854585,0.0328658080409189
0.987923620408997,0.0322690631643225,-0.148220335989174,0.0315651675068297
0.99516088296605,0.0156625746685538,-0.0956681210574581,0.0160346930846851
0.999003159787583,0.00636199802531313,-0.043676527168457,0.00667627815876749
0.999266055895403,0.00461015772410391,0.0363734974946166,-0.0110934512670096
0.996269831646569,0.00185515636461683,0.0838406590878294,-0.0203402268792219
0.983751944506907,0.0335043562713418,0.173174412869581,-0.0334692772105858
0.982559680864137,0.0523297756361898,-0.175699247289476,0.0311101691403888
0.997151799192599,0.0357395273104253,-0.0646350760804565,0.0152735881397501
0.997706599507058,0.0302597723451867,-0.0596729637797275,0.0102481642952987
0.999263166299435,0.00672534870863721,-0.035818156944738,0.0120396758701303
0.985326937249242,0.00382151395973827,0.167186063116673,-0.0341327271343964
0.974907630371647,-0.0132647305530306,0.21734148393699,-0.0462800013673671
0.95344747007188,0.0188458607409845,0.293341779118886,-0.0673302010232321
0.942349704592371,0.0336484579787914,0.326297505840203,-0.0661419172143071
0.921885667999769,0.0435744965799785,-0.379093034831253,0.0672052775223126
0.93107150584022,0.0528911273063787,-0.356746464606874,0.055139275069427
0.947691885495902,0.0283852978977704,-0.312420362074573,0.0588887288848247
0.964089787305938,0.0109341612214119,-0.26119356909656,0.0467893747914636
0.976924211492072,0.00202924562856574,-0.209892933604333,0.0394958679577826
0.9911150690632,0.000169704785758807,-0.131079852766502,0.0225602144237759
0.996376587559617,-0.00250833289964532,-0.0838573307269133,0.0139768420065014
0.999541515877867,0.029487368117416,0.00543165971602669,-0.00421310227901825
0.986099103061252,0.034257268106751,0.158734916292562,-0.0351884195901243
0.93788278241745,0.0471181667580859,-0.339328765138452,0.0548794493036606
0.971569875632593,0.0318080199467268,-0.230632105557114,0.0430006804205261
0.972861503574351,0.0256574011724316,-0.22665285383431,0.0388674217937496
0.978226815410946,0.00360633258994142,-0.202635135469636,0.0447022801366234
0.985326937249242,-0.00382151395973827,-0.167186063116673,0.0341327271343964
0.998464844249149,-0.017057972274992,0.0518750171950469,-0.00927162183235297
0.999451418855419,0.00114153077430053,-0.0329918218006357,0.00266419775083829
0.985287378618158,0.0293242759256696,0.164205829052712,-0.0372198076607879
0.898749465792412,0.0605241563812508,-0.426864099117771,0.0798327321126211
0.909580428913269,0.0689710390643398,-0.404237783754965,0.0670690188776652
0.929025957212611,0.0445261011710759,-0.360312005447666,0.0714384761174052
0.948453887209585,0.0275249398800682,-0.310050949749427,0.0595483843702279
0.964085504554399,0.0189682700292287,-0.259771126551354,0.0519452254825121
0.982582522087213,0.0171862307724231,-0.18190015461968,0.0338903306255051
0.997825414810011,0.0461861482460679,-0.0468944010058043,0.00349233785988974
0.992552836397221,0.0506886063982533,0.106495750345538,-0.0304661664732507
0.916847928693696,0.0632964461182956,-0.38847066456479,0.0668878040562152
0.957036279347823,0.0482159621248238,-0.280741841549,0.0542291380360066
0.958857219301626,0.042009115076116,-0.276203788437362,0.0503937942263194
0.965757379927469,0.020675564774536,-0.252264096902636,0.0569914866517941
0.974907630371647,0.0132647305530306,-0.21734148393699,0.0462800013673671
0.998464844249149,0.017057972274992,-0.0518750171950469,0.00927162183235297
0.996171426307876,0.0298213511414184,0.0767229036979327,-0.0294409998469762
0.992194501715978,0.0457611902890762,0.11138309723096,-0.0324004610946828
0.875350751230993,0.0340118285627684,-0.47622903769709,0.0762244153225058
0.896948349217899,0.0115605982527796,-0.433862433223113,0.084340977235525
0.919912067351768,-0.00568215670771892,-0.384662224773636,0.0759241349502319
0.939348216644725,-0.0135703193708109,-0.33527640927237,0.0709260439047264
0.964322273109487,-0.0149568086474427,-0.258323337774178,0.0559276373651166
0.975992531443761,-0.0171695785295094,-0.211622467727069,0.0485769008091626
0.991636164535587,0.0154023266245512,-0.125094792186561,0.0277809014882786
0.999339427023459,0.0218588605287136,0.0289645061484647,-0.00198927031513457
0.884011400168656,0.0298189963298374,-0.460064176417608,0.0773021694839282
0.931654742098064,0.0154856367476873,-0.356188886150783,0.0700650694952368
0.933706381110044,0.00913697779977711,-0.351614525938198,0.0669039211132535
0.941556441293846,-0.0112238254705603,-0.327957646395195,0.0760872904682402
0.95344747007188,-0.0188458607409845,-0.293341779118886,0.0673302010232321
0.999451418855419,-0.00114153077430053,0.0329918218006357,-0.00266419775083829
0.996171426307876,-0.0298213511414184,-0.0767229036979327,0.0294409998469762
0.999267208368991,0.0169607089660508,0.0341401363460133,-0.00343972674621444
0.993514920452262,0.0150727634031198,0.110115653858518,-0.0239886935334157
0.926548595635508,-0.0285690579405937,-0.368682182408502,0.069028669614583
0.954318272332283,-0.0301619167159504,-0.292089020870437,0.0552349324222907
0.967631371960813,-0.032672663392512,-0.245440177631654,0.0487969698671559
0.986891890592472,-0.000858310289854033,-0.158849988798944,0.0284664828322312
0.999973970959802,0.00510440251674962,-0.00497873748167739,0.00110211202704317
0.995464598145805,-0.00607119386052523,0.0919082531631859,-0.0237959543622745
0.920740440495706,-0.00626387515987792,-0.384816372423944,0.0641417540938188
0.929181449154118,-0.0255263620552791,-0.361201451656697,0.0741872678373441
0.942349704592371,-0.0336484579787914,-0.326297505840203,0.0661419172143071
0.985287378618158,-0.0293242759256696,-0.164205829052712,0.0372198076607879
0.992194501715978,-0.0457611902890762,-0.11138309723096,0.0324004610946828
0.999267208368991,-0.0169607089660508,-0.0341401363460133,0.00343972674621444
0.996855726305256,-0.00197970662102119,0.0768231341897888,-0.019311855099199
0.971067024207072,0.000215014310931589,-0.233982201184162,0.0477610489361691
0.996400644655967,0.0069822872624258,-0.0820490617131362,0.0201234804582416
0.999867480821469,-0.00417360009919453,0.0151671502612839,-0.0041903950759413
0.990576241823781,0.0218656304034372,0.134494208542905,-0.0138532021479443
0.993514920452262,-0.0150727634031198,-0.110115653858518,0.0239886935334157
0.996855726305256,0.00197970662102119,-0.0768231341897888,0.019311855099199
